95, 36
95, 36
96, 34
96, 34
97, 32
94, 40
94, 40
96, 35
96, 35
97, 33
95, 39
95, 39
93, 44
93, 44
93, 45
93, 45
94, 43
94, 43
99, 30
97, 37
97, 37
98, 35
98, 35
96, 41
96, 41
98, 36
98, 36
100, 30
100, 30
94, 46
94, 46
97, 40
97, 40
101, 29
100, 33
101, 30
96, 44
102, 29
102, 29
100, 37
103, 28
103, 29
100, 39
94, 52
94, 52
102, 34
101, 37
104, 28
104, 28
101, 39
105, 27
100, 42
102, 37
105, 28
95, 53
95, 53
102, 38
102, 39
95, 54
106, 27
106, 27
104, 34
104, 34
95, 55
98, 50
97, 52
105, 33
105, 33
107, 26
102, 42
102, 42
107, 27
98, 51
103, 40
103, 40
97, 53
104, 38
103, 41
99, 50
104, 39
104, 39
108, 26
100, 49
104, 41
104, 41
98, 54
107, 33
107, 33
97, 56
97, 56
98, 55
98, 55
97, 57
106, 38
108, 32
108, 32
105, 41
104, 44
105, 42
107, 38
107, 38
99, 56
108, 36
108, 36
105, 44
109, 33
109, 33
106, 42
108, 37
105, 45
109, 35
109, 35
100, 56
108, 39
112, 26
112, 26
106, 45
107, 43
102, 54
101, 56
100, 58
100, 58
113, 25
113, 25
111, 33
108, 42
108, 42
102, 55
101, 57
101, 57
100, 59
112, 31
112, 32
108, 44
105, 51
106, 49
113, 30
101, 59
109, 43
107, 48
109, 44
104, 55
104, 55
103, 57
103, 57
102, 59
102, 59
104, 56
104, 56
103, 58
103, 58
106, 53
106, 53
116, 25
115, 30
109, 48
110, 46
107, 53
108, 51
116, 29
117, 25
111, 45
117, 26
110, 49
111, 47
109, 52
110, 50
118, 26
118, 26
109, 53
109, 53
111, 49
116, 36
112, 47
118, 29
116, 37
119, 26
113, 46
111, 51
112, 49
110, 54
110, 54
119, 30
110, 55
117, 38
113, 49
120, 28
110, 56
113, 50
117, 40
120, 30
115, 46
120, 32
121, 28
111, 56
119, 36
119, 36
117, 43
112, 55
111, 57
113, 53
118, 41
117, 44
112, 56
112, 56
119, 39
119, 39
113, 54
114, 52
115, 50
122, 29
122, 30
121, 34
114, 53
115, 51
119, 41
119, 41
120, 40
118, 46
122, 34
123, 31
118, 47
118, 47
123, 32
119, 45
118, 48
121, 41
124, 31
124, 32
120, 45
122, 42
121, 45
115, 59
115, 60
123, 42
122, 45
123, 43
116, 60
124, 43
124, 43
52, 121
53, 121
125, 43
54, 121
125, 44
52, 122
114, 68
117, 63
113, 70
116, 65
116, 65
112, 72
114, 69
114, 69
118, 62
117, 64
111, 74
113, 71
109, 77
113, 71
116, 66
126, 44
126, 44
112, 73
112, 73
114, 70
108, 79
125, 48
116, 67
111, 75
111, 75
113, 72
109, 78
109, 78
119, 62
119, 62
107, 81
112, 74
125, 49
108, 80
108, 80
127, 44
126, 47
111, 76
120, 61
109, 79
106, 83
55, 123
127, 45
107, 82
107, 82
126, 48
108, 81
120, 62
105, 85
56, 123
56, 123
106, 84
106, 84
124, 54
107, 83
103, 88
57, 123
124, 55
128, 45
128, 45
105, 86
105, 86
106, 85
126, 51
102, 90
103, 89
103, 89
126, 52
105, 87
57, 124
57, 124
124, 57
101, 92
129, 45
118, 69
102, 91
102, 91
103, 90
120, 66
129, 46
56, 125
56, 125
125, 56
116, 73
119, 68
126, 54
118, 70
127, 52
127, 52
127, 52
115, 75
115, 75
101, 93
113, 78
102, 92
117, 72
120, 67
120, 67
119, 69
114, 77
116, 74
112, 80
118, 71
118, 71
124, 60
128, 51
115, 76
115, 76
113, 79
113, 79
130, 46
117, 73
100, 95
100, 95
101, 94
101, 94
111, 82
114, 78
112, 81
112, 81
110, 84
110, 84
113, 80
128, 53
111, 83
108, 87
112, 82
109, 86
110, 85
110, 85
125, 61
59, 126
107, 89
130, 50
108, 88
108, 88
101, 96
101, 96
109, 87
129, 53
131, 48
60, 126
60, 126
106, 91
128, 56
107, 90
129, 54
131, 49
131, 49
108, 89
61, 126
126, 61
131, 50
124, 66
131, 51
56, 129
129, 56
101, 98
101, 98
133, 46
130, 54
125, 66
132, 51
56, 130
134, 46
134, 46
130, 57
131, 55
131, 55
102, 99
102, 99
128, 62
135, 46
128, 63
129, 61
126, 67
131, 57
132, 55
132, 55
134, 50
102, 101
102, 101
128, 65
63, 129
129, 63
127, 67
137, 43
61, 130
130, 61
135, 49
64, 129
64, 129
134, 53
132, 58
65, 129
61, 131
61, 131
131, 61
138, 43
138, 43
136, 49
59, 132
137, 47
130, 64
130, 64
129, 66
129, 66
131, 62
103, 102
103, 102
132, 60
135, 53
133, 58
135, 54
59, 133
59, 133
139, 43
134, 57
134, 57
138, 47
130, 66
130, 66
131, 64
131, 64
62, 132
132, 62
133, 60
136, 54
136, 54
103, 104
103, 104
59, 134
135, 57
141, 40
62, 133
131, 67
133, 63
134, 61
137, 54
52, 138
142, 40
142, 40
141, 44
135, 60
104, 105
104, 105
136, 58
67, 132
132, 67
132, 67
134, 63
130, 71
61, 135
133, 66
133, 66
133, 66
68, 132
68, 132
132, 68
143, 40
64, 134
134, 64
136, 60
53, 139
53, 139
137, 58
69, 132
132, 69
131, 71
131, 71
61, 136
54, 139
104, 107
104, 107
52, 140
133, 68
64, 135
64, 135
135, 64
137, 60
132, 71
137, 61
138, 59
135, 66
135, 66
64, 136
136, 64
136, 64
146, 36
62, 137
105, 108
105, 108
134, 69
134, 69
138, 61
141, 54
141, 54
143, 49
143, 49
142, 52
142, 52
62, 138
147, 36
147, 36
141, 55
146, 40
144, 47
144, 47
142, 53
142, 53
136, 67
136, 67
137, 65
137, 65
146, 41
63, 138
144, 48
144, 48
145, 45
143, 51
143, 51
145, 45
66, 137
145, 46
145, 46
139, 62
148, 36
147, 40
146, 44
146, 44
136, 69
136, 69
137, 67
138, 65
63, 139
66, 138
66, 138
134, 74
105, 112
105, 112
137, 70
137, 70
66, 139
72, 136
135, 74
135, 74
73, 136
73, 136
151, 32
138, 70
74, 136
136, 74
106, 113
106, 113
65, 141
152, 32
143, 61
153, 32
144, 61
144, 61
153, 33
140, 71
106, 116
106, 116
145, 61
152, 43
152, 43
74, 140
76, 139
76, 139
107, 117
107, 117
153, 42
153, 42
142, 71
142, 71
75, 140
140, 75
77, 139
77, 139
143, 70
143, 70
74, 141
74, 141
78, 139
73, 142
141, 75
141, 75
74, 142
143, 73
52, 152
52, 152
107, 120
107, 120
145, 70
145, 70
142, 76
142, 76
51, 153
51, 153
151, 57
151, 57
147, 67
72, 145
143, 76
152, 56
152, 56
108, 121
108, 121
73, 145
145, 73
146, 71
146, 71
148, 67
148, 67
144, 76
149, 66
149, 66
80, 142
141, 82
146, 73
151, 62
151, 62
147, 71
147, 71
144, 77
81, 142
81, 142
142, 81
146, 74
150, 66
82, 142
145, 77
145, 77
150, 67
140, 86
143, 81
108, 124
108, 124
152, 63
152, 63
147, 74
148, 72
148, 72
141, 85
80, 144
146, 77
79, 145
79, 145
144, 81
70, 150
146, 78
68, 151
68, 151
109, 125
109, 125
69, 151
69, 151
67, 152
67, 152
152, 67
83, 144
149, 74
149, 74
147, 78
147, 78
140, 90
70, 151
109, 126
84, 144
85, 144
85, 144
151, 72
148, 78
70, 152
150, 75
150, 75
71, 152
148, 79
153, 69
72, 152
72, 152
152, 72
86, 145
86, 145
151, 75
151, 75
152, 73
149, 79
149, 79
154, 69
154, 70
142, 92
147, 84
73, 153
153, 73
153, 73
150, 79
152, 76
152, 76
74, 153
150, 80
155, 70
155, 70
148, 84
142, 94
154, 73
90, 145
90, 145
153, 76
153, 76
74, 154
154, 74
151, 80
156, 70
75, 154
75, 154
143, 95
76, 154
155, 74
155, 74
152, 80
152, 80
91, 146
91, 146
154, 77
154, 77
76, 155
156, 74
157, 72
77, 155
77, 155
155, 77
155, 77
156, 75
143, 98
67, 160
67, 160
78, 155
158, 72
158, 72
51, 166
157, 75
157, 75
66, 161
66, 161
95, 146
95, 146
78, 156
156, 78
156, 78
155, 80
154, 82
159, 72
51, 167
144, 99
79, 156
79, 156
158, 75
154, 83
80, 156
158, 76
96, 147
96, 147
152, 88
158, 78
80, 157
157, 80
157, 80
159, 76
84, 155
153, 88
81, 157
81, 157
144, 103
82, 157
99, 147
99, 147
57, 168
158, 81
158, 81
160, 77
160, 77
85, 156
85, 156
82, 158
86, 156
86, 156
145, 104
159, 81
161, 77
161, 77
83, 158
83, 158
158, 83
157, 85
157, 85
100, 148
100, 148
66, 166
84, 158
162, 76
162, 76
158, 84
158, 84
62, 168
62, 168
156, 88
155, 90
160, 81
66, 167
160, 82
159, 84
67, 167
157, 88
157, 88
156, 90
63, 169
63, 169
158, 87
161, 82
161, 82
160, 84
160, 84
88, 158
88, 158
104, 148
104, 148
65, 169
65, 169
85, 160
106, 147
68, 168
68, 168
159, 87
157, 91
162, 82
86, 160
86, 160
126, 131
145, 110
162, 83
106, 148
106, 148
161, 85
161, 85
87, 160
160, 87
105, 149
105, 149
91, 158
91, 158
66, 170
66, 170
71, 168
71, 168
126, 132
159, 90
163, 83
163, 83
165, 79
162, 85
162, 85
87, 161
127, 132
146, 111
58, 174
107, 149
69, 170
69, 170
88, 161
88, 161
157, 95
160, 90
72, 169
72, 169
92, 159
92, 159
159, 92
59, 174
59, 174
109, 148
164, 83
166, 79
129, 131
127, 133
89, 161
108, 149
60, 174
163, 86
163, 86
110, 148
129, 132
109, 149
94, 159
94, 159
70, 171
70, 171
89, 162
162, 89
158, 96
75, 169
75, 169
161, 91
60, 175
60, 175
111, 148
160, 93
164, 86
164, 86
164, 86
130, 132
128, 134
90, 162
165, 85
165, 85
163, 89
111, 149
162, 91
73, 171
73, 171
161, 93
60, 176
129, 134
95, 160
95, 160
160, 95
76, 170
76, 170
61, 176
92, 162
92, 162
112, 149
112, 149
161, 94
161, 94
108, 152
166, 85
168, 81
168, 81
165, 87
165, 87
96, 160
96, 160
131, 133
131, 133
158, 100
113, 149
164, 90
146, 117
163, 92
74, 172
74, 172
162, 94
169, 81
169, 81
166, 87
79, 170
79, 170
62, 177
62, 177
110, 152
110, 152
93, 163
93, 163
113, 150
113, 150
165, 90
97, 161
97, 161
112, 151
112, 151
164, 92
133, 133
133, 133
94, 163
163, 94
163, 94
64, 177
64, 177
166, 89
159, 101
114, 150
77, 172
77, 172
98, 161
147, 118
95, 163
80, 171
80, 171
112, 152
112, 152
159, 102
99, 161
115, 150
111, 153
111, 153
147, 119
165, 93
65, 178
65, 178
134, 134
134, 134
95, 164
164, 95
164, 95
167, 90
78, 173
78, 173
66, 178
99, 162
148, 119
96, 164
83, 171
83, 171
67, 178
113, 153
160, 103
100, 162
100, 162
165, 95
165, 95
97, 164
114, 153
114, 153
160, 104
101, 162
136, 134
136, 134
132, 138
81, 173
81, 173
98, 164
67, 179
149, 120
144, 126
84, 172
84, 172
172, 84
169, 90
68, 179
133, 138
101, 163
166, 96
166, 96
98, 165
116, 153
144, 127
150, 120
145, 126
145, 126
115, 154
115, 154
161, 105
102, 163
102, 163
86, 172
86, 172
173, 84
137, 135
137, 135
82, 174
82, 174
169, 92
99, 165
167, 96
69, 180
69, 180
116, 154
103, 163
170, 91
170, 91
100, 165
100, 165
135, 138
70, 180
132, 141
114, 156
143, 130
161, 107
144, 129
117, 154
168, 96
71, 180
151, 121
146, 127
146, 127
87, 173
87, 173
85, 174
85, 174
103, 164
170, 93
170, 93
134, 140
142, 132
143, 131
143, 131
168, 97
144, 130
146, 128
104, 164
104, 164
117, 155
117, 155
113, 158
147, 127
152, 121
101, 166
101, 166
116, 156
116, 156
71, 181
120, 153
137, 138
136, 139
134, 141
134, 141
133, 142
133, 142
133, 142
172, 91
143, 132
143, 132
119, 154
119, 154
171, 93
162, 108
105, 164
72, 181
72, 181
118, 155
102, 166
114, 158
169, 97
169, 97
86, 175
86, 175
121, 153
171, 94
73, 181
137, 139
137, 139
135, 141
120, 154
162, 109
133, 143
103, 166
91, 173
91, 173
173, 91
123, 152
123, 152
105, 165
147, 129
114, 159
114, 159
122, 153
122, 153
153, 122
170, 97
88, 175
88, 175
113, 160
113, 160
166, 104
142, 135
173, 92
172, 94
144, 133
73, 182
106, 165
106, 165
103, 167
170, 98
74, 182
138, 140
138, 140
107, 165
143, 135
144, 134
104, 167
92, 174
92, 174
174, 92
173, 94
173, 94
147, 131
124, 153
124, 153
115, 160
171, 98
171, 98
89, 176
89, 176
155, 122
105, 167
105, 167
167, 105
167, 105
138, 141
138, 141
141, 138
137, 142
137, 142
135, 144
107, 166
147, 132
116, 160
175, 92
75, 183
75, 183
172, 98
164, 111
108, 166
168, 105
168, 105
135, 145
177, 89
126, 153
126, 153
95, 174
95, 174
174, 95
174, 95
148, 132
113, 163
113, 163
172, 99
77, 183
77, 183
109, 166
106, 168
106, 168
156, 123
142, 139
138, 143
138, 143
144, 137
118, 160
146, 135
165, 111
148, 133
148, 133
178, 89
178, 89
93, 176
93, 176
110, 166
107, 168
159, 120
116, 162
170, 104
173, 99
119, 160
160, 119
138, 144
138, 144
137, 145
137, 145
169, 106
169, 106
96, 175
96, 175
127, 154
127, 154
148, 134
114, 164
114, 164
159, 121
170, 105
170, 105
78, 184
78, 184
179, 89
110, 167
176, 95
176, 95
169, 107
140, 143
143, 140
171, 104
119, 161
161, 119
158, 123
79, 184
79, 184
128, 154
128, 154
166, 112
170, 106
94, 177
94, 177
159, 122
172, 103
111, 167
117, 163
120, 161
120, 161
142, 142
140, 144
144, 140
144, 140
138, 146
138, 146
146, 138
136, 148
99, 175
99, 175
175, 99
112, 167
167, 112
174, 101
160, 122
180, 90
173, 103
177, 96
177, 96
114, 166
121, 161
170, 108
117, 164
142, 143
142, 143
140, 145
80, 185
80, 185
175, 100
162, 120
138, 147
113, 167
137, 148
137, 148
174, 102
180, 91
171, 107
150, 135
160, 123
160, 123
97, 177
97, 177
177, 97
81, 185
81, 185
118, 164
172, 106
114, 167
121, 162
121, 162
178, 96
141, 145
120, 163
120, 163
100, 176
100, 176
160, 124
113, 168
168, 113
150, 136
150, 136
170, 110
174, 104
122, 162
118, 165
143, 144
143, 144
141, 146
114, 168
181, 92
181, 92
175, 103
175, 103
130, 156
130, 156
138, 149
150, 137
98, 178
98, 178
174, 105
82, 186
82, 186
176, 102
181, 93
181, 93
175, 104
115, 168
172, 109
143, 145
143, 145
146, 142
146, 142
83, 186
83, 186
141, 147
141, 147
121, 164
121, 164
161, 125
171, 111
171, 111
103, 176
103, 176
183, 90
181, 94
170, 113
170, 113
123, 163
123, 163
119, 166
119, 166
132, 156
132, 156
147, 142
147, 142
171, 112
171, 112
115, 169
176, 104
138, 151
138, 151
121, 165
162, 125
101, 178
101, 178
124, 163
124, 163
163, 124
184, 90
166, 120
189, 79
180, 98
84, 187
84, 187
173, 110
173, 110
119, 167
144, 146
144, 146
142, 148
142, 148
141, 149
141, 149
189, 80
104, 177
104, 177
85, 187
163, 125
121, 166
171, 114
191, 76
164, 124
133, 157
133, 157
182, 96
182, 96
146, 145
144, 147
148, 143
148, 143
116, 170
116, 170
86, 187
119, 168
191, 77
191, 77
139, 152
139, 152
102, 179
102, 179
189, 82
189, 82
173, 112
173, 112
192, 75
125, 164
125, 164
167, 121
191, 78
165, 124
120, 168
147, 145
144, 148
142, 150
151, 141
184, 94
184, 94
186, 90
186, 90
86, 188
126, 164
165, 125
135, 157
135, 157
193, 75
185, 93
185, 93
183, 97
183, 97
87, 188
146, 147
146, 147
173, 114
173, 114
145, 148
145, 148
120, 169
120, 169
142, 151
190, 83
108, 177
108, 177
127, 164
174, 113
174, 113
105, 179
105, 179
88, 188
165, 126
165, 126
190, 84
147, 147
147, 147
148, 146
149, 145
186, 93
187, 91
185, 95
187, 91
151, 143
151, 143
192, 80
167, 124
89, 188
184, 97
152, 142
152, 142
120, 170
127, 165
116, 173
116, 173
173, 116
137, 157
137, 157
136, 158
136, 158
174, 115
146, 149
150, 145
191, 84
109, 178
109, 178
192, 82
168, 124
124, 168
128, 165
186, 95
185, 97
185, 97
106, 180
106, 180
89, 189
166, 127
166, 127
191, 85
192, 83
192, 83
186, 96
186, 96
146, 150
150, 146
90, 189
185, 98
144, 152
168, 125
173, 118
191, 86
171, 121
155, 141
124, 169
166, 128
166, 128
117, 174
117, 174
174, 117
139, 157
139, 157
139, 157
111, 178
111, 178
138, 158
138, 158
196, 75
196, 75
173, 119
148, 149
150, 147
150, 147
144, 153
153, 144
187, 96
169, 125
155, 142
129, 166
129, 166
186, 98
109, 180
109, 180
197, 74
197, 74
193, 84
91, 190
91, 190
190, 91
190, 91
147, 151
147, 151
152, 146
195, 80
195, 80
153, 145
153, 145
130, 166
130, 166
193, 85
155, 143
170, 125
170, 125
125, 170
167, 129
167, 129
140, 158
140, 158
112, 179
112, 179
196, 79
196, 79
117, 176
117, 176
153, 146
93, 190
93, 190
144, 155
126, 170
167, 130
167, 130
110, 181
169, 128
191, 92
191, 92
193, 88
152, 148
152, 148
147, 153
147, 153
153, 147
153, 147
194, 86
131, 167
131, 167
144, 156
171, 126
171, 126
194, 87
118, 177
118, 177
170, 128
170, 128
132, 167
132, 167
94, 191
94, 191
154, 147
193, 90
145, 156
109, 183
199, 76
168, 131
168, 131
172, 126
172, 126
116, 179
95, 191
95, 191
108, 184
110, 183
152, 150
148, 154
148, 154
147, 155
145, 157
194, 90
195, 88
167, 134
167, 134
201, 74
201, 74
171, 129
171, 129
108, 185
152, 151
133, 168
133, 168
168, 133
168, 133
148, 155
148, 155
200, 77
200, 77
156, 147
156, 147
195, 89
118, 179
118, 179
157, 146
145, 158
158, 145
173, 127
173, 127
96, 192
192, 96
192, 96
193, 94
194, 92
194, 92
202, 73
202, 73
134, 168
134, 168
153, 151
153, 151
154, 150
154, 150
172, 129
172, 129
108, 186
108, 186
97, 192
193, 95
193, 95
158, 146
145, 159
159, 145
159, 145
166, 137
166, 137
201, 77
201, 77
160, 144
167, 136
167, 136
107, 187
109, 186
153, 152
153, 152
151, 154
149, 156
149, 156
203, 73
119, 180
119, 180
202, 76
202, 76
146, 159
160, 145
201, 79
161, 144
195, 93
195, 93
195, 93
143, 162
162, 143
196, 91
124, 177
163, 142
175, 127
175, 127
135, 169
135, 169
154, 152
140, 165
140, 165
165, 140
165, 140
173, 130
156, 150
156, 150
157, 149
193, 98
158, 148
166, 139
166, 139
196, 92
196, 92
146, 160
111, 186
111, 186
163, 143
136, 169
136, 169
164, 142
164, 142
204, 74
165, 141
154, 153
181, 120
149, 158
149, 158
174, 130
130, 174
148, 159
146, 161
194, 98
195, 96
119, 182
119, 182
203, 78
143, 164
205, 73
176, 128
176, 128
142, 165
165, 142
165, 142
204, 76
181, 121
124, 179
124, 179
195, 97
141, 166
141, 166
141, 166
157, 151
127, 177
127, 177
135, 171
112, 187
112, 187
130, 175
130, 175
146, 162
126, 178
126, 178
133, 173
137, 170
137, 170
143, 165
177, 128
154, 155
153, 156
156, 153
149, 160
135, 172
147, 162
130, 176
134, 173
134, 173
120, 183
120, 183
181, 123
126, 179
126, 179
133, 174
166, 143
166, 143
182, 122
125, 180
125, 180
175, 132
154, 156
157, 153
157, 153
206, 75
178, 128
158, 152
158, 152
136, 172
149, 161
135, 173
135, 173
169, 140
147, 163
147, 163
110, 190
139, 170
139, 170
133, 175
133, 175
178, 129
153, 158
176, 132
151, 160
100, 196
100, 196
182, 124
147, 164
99, 197
99, 197
120, 185
120, 185
126, 181
126, 181
181, 126
168, 143
168, 143
157, 155
179, 129
160, 152
152, 160
161, 151
202, 89
169, 142
184, 122
182, 125
136, 174
141, 170
111, 191
140, 171
140, 171
113, 190
118, 187
118, 187
202, 90
202, 90
134, 176
207, 78
207, 78
110, 192
138, 173
158, 155
154, 159
154, 159
160, 153
160, 153
209, 73
209, 73
177, 133
161, 152
161, 152
141, 171
187, 119
208, 77
208, 77
208, 77
102, 197
121, 186
121, 186
202, 92
210, 72
210, 72
169, 144
159, 155
160, 154
152, 162
126, 183
126, 183
120, 187
151, 163
151, 163
178, 133
178, 133
181, 129
99, 199
149, 165
202, 93
179, 132
136, 176
114, 191
125, 184
203, 91
203, 91
203, 91
167, 147
119, 188
119, 188
135, 177
135, 177
139, 174
139, 174
102, 198
157, 158
157, 158
156, 159
156, 159
178, 134
153, 162
162, 153
162, 153
203, 92
195, 108
204, 90
204, 90
126, 184
120, 188
149, 166
149, 166
182, 129
99, 200
168, 147
105, 197
185, 125
114, 192
114, 192
169, 146
189, 119
135, 178
135, 178
158, 158
159, 157
139, 175
186, 124
171, 144
163, 153
127, 184
179, 134
134, 179
134, 179
100, 200
113, 193
113, 193
113, 193
193, 113
182, 130
149, 167
142, 173
187, 123
185, 126
205, 90
205, 90
168, 148
168, 148
169, 147
112, 194
136, 178
201, 99
201, 99
175, 140
188, 122
105, 198
159, 158
160, 157
162, 155
163, 154
139, 176
139, 176
187, 124
195, 111
127, 185
151, 166
151, 166
138, 177
143, 173
150, 167
183, 130
100, 201
102, 200
102, 200
113, 194
202, 98
202, 98
168, 149
106, 198
137, 178
193, 115
120, 190
110, 196
110, 196
171, 146
158, 160
161, 157
161, 157
140, 176
162, 156
207, 88
207, 88
155, 163
180, 135
180, 135
173, 144
173, 144
109, 197
109, 197
116, 193
127, 186
127, 186
138, 178
111, 196
184, 130
184, 130
175, 142
133, 182
200, 104
200, 104
106, 199
126, 187
126, 187
176, 141
176, 141
141, 176
159, 160
158, 161
172, 146
155, 164
112, 196
214, 72
214, 72
190, 122
152, 167
152, 167
208, 88
103, 201
103, 201
201, 103
201, 103
144, 174
131, 184
116, 194
121, 191
133, 183
133, 183
172, 147
160, 160
160, 160
161, 159
158, 162
162, 158
158, 162
157, 163
157, 163
129, 186
136, 181
120, 192
192, 120
199, 108
199, 108
153, 167
110, 198
110, 198
182, 135
182, 135
112, 197
144, 175
144, 175
185, 131
185, 131
131, 185
119, 193
119, 193
196, 114
209, 88
105, 201
171, 149
107, 200
200, 107
200, 107
172, 148
177, 142
210, 86
159, 162
162, 159
157, 164
157, 164
157, 164
133, 184
215, 73
215, 73
156, 165
156, 165
178, 141
129, 187
129, 187
100, 204
136, 182
153, 168
193, 120
117, 195
117, 195
195, 117
128, 188
171, 150
122, 192
172, 149
119, 194
105, 202
142, 178
107, 201
196, 116
200, 109
211, 86
141, 179
199, 111
175, 146
146, 175
146, 175
118, 195
118, 195
195, 118
195, 118
153, 169
153, 169
113, 198
113, 198
126, 190
126, 190
183, 136
183, 136
129, 188
123, 192
145, 176
171, 151
144, 177
108, 201
128, 189
125, 191
125, 191
187, 131
143, 178
178, 143
178, 143
158, 165
158, 165
114, 198
114, 198
142, 179
176, 146
200, 111
212, 86
212, 86
171, 152
136, 184
136, 184
177, 145
123, 193
217, 73
217, 73
135, 185
135, 185
108, 202
108, 202
174, 149
179, 143
179, 143
160, 164
110, 201
110, 201
188, 131
159, 165
122, 194
175, 148
119, 196
196, 119
147, 176
147, 176
213, 85
213, 85
154, 170
154, 170
181, 141
181, 141
195, 121
172, 152
172, 152
185, 136
185, 136
182, 140
182, 140
173, 151
126, 192
123, 194
174, 150
135, 186
135, 186
115, 199
166, 159
108, 203
108, 203
148, 176
148, 176
195, 122
119, 197
119, 197
197, 119
178, 146
218, 74
218, 74
217, 77
217, 77
103, 206
116, 199
107, 204
107, 204
109, 203
111, 202
126, 193
144, 180
180, 144
180, 144
189, 132
161, 165
161, 165
167, 159
167, 159
113, 201
128, 192
128, 192
190, 131
154, 172
186, 137
186, 137
127, 193
127, 193
174, 152
216, 82
180, 145
180, 145
219, 74
116, 200
116, 200
103, 207
136, 187
107, 205
107, 205
109, 204
109, 204
177, 149
149, 177
149, 177
196, 123
178, 148
120, 198
218, 78
218, 78
154, 173
104, 207
104, 207
106, 206
187, 137
187, 137
151, 176
164, 164
165, 163
165, 163
163, 165
162, 166
217, 82
217, 82
168, 160
168, 160
185, 140
150, 177
150, 177
188, 136
188, 136
198, 121
116, 201
144, 182
182, 144
105, 207
220, 74
216, 85
149, 178
109, 205
186, 139
111, 204
197, 123
197, 123
197, 123
174, 154
138, 187
220, 75
175, 153
190, 134
181, 146
181, 146
218, 81
198, 122
117, 201
117, 201
166, 163
166, 163
110, 205
167, 162
168, 161
168, 161
182, 145
182, 145
186, 140
144, 183
183, 144
183, 144
121, 199
149, 179
199, 121
105, 208
187, 139
184, 143
217, 85
118, 201
190, 135
135, 190
113, 204
113, 204
120, 200
218, 83
218, 83
152, 177
182, 146
165, 165
221, 75
162, 168
106, 208
106, 208
108, 207
145, 183
112, 205
112, 205
198, 124
218, 84
184, 144
184, 144
188, 139
139, 188
185, 143
219, 82
219, 82
176, 154
105, 209
118, 202
177, 153
138, 189
120, 201
120, 201
169, 162
198, 125
115, 204
151, 179
137, 190
145, 184
150, 180
150, 180
108, 208
108, 208
108, 208
188, 140
149, 181
119, 202
119, 202
136, 191
112, 206
165, 167
164, 168
107, 209
107, 209
107, 209
190, 138
138, 190
111, 207
111, 207
219, 85
217, 90
151, 180
199, 125
199, 125
115, 205
140, 189
149, 182
223, 75
223, 75
219, 86
217, 91
187, 143
187, 143
147, 184
188, 142
188, 142
201, 123
146, 185
146, 185
146, 185
109, 209
109, 209
221, 82
221, 82
111, 208
150, 182
218, 90
157, 176
157, 176
220, 85
200, 125
192, 137
115, 206
156, 177
156, 177
190, 140
190, 140
140, 190
220, 86
220, 86
191, 139
191, 139
112, 208
160, 174
200, 126
116, 206
146, 186
186, 146
202, 123
158, 176
224, 76
224, 76
197, 131
141, 190
218, 92
150, 183
193, 137
220, 88
189, 143
189, 143
222, 83
202, 124
192, 139
147, 186
112, 209
209, 112
116, 207
220, 89
191, 141
191, 141
141, 191
212, 107
225, 76
211, 109
211, 109
221, 87
221, 87
219, 92
115, 208
201, 127
201, 127
190, 143
160, 176
160, 176
147, 187
203, 124
152, 183
212, 108
212, 108
159, 177
159, 177
159, 177
211, 110
198, 132
151, 184
151, 184
114, 209
114, 209
209, 114
202, 126
225, 78
225, 78
225, 78
116, 208
192, 141
107, 213
211, 111
226, 76
221, 90
223, 85
152, 184
152, 184
226, 77
226, 77
142, 192
142, 192
112, 211
112, 211
224, 83
195, 138
193, 141
193, 141
196, 137
214, 107
109, 213
226, 79
210, 115
147, 189
147, 189
205, 124
205, 124
213, 110
213, 110
212, 112
114, 211
206, 123
197, 137
153, 185
153, 185
226, 81
214, 109
214, 109
159, 180
113, 212
113, 212
207, 122
151, 187
117, 210
210, 117
194, 142
194, 142
201, 132
225, 85
225, 85
213, 112
227, 80
227, 80
114, 212
161, 179
207, 123
148, 190
148, 190
153, 186
225, 86
225, 86
159, 181
152, 187
152, 187
147, 191
147, 191
214, 111
226, 84
208, 122
208, 122
142, 195
198, 138
161, 180
160, 181
228, 80
227, 83
211, 118
147, 192
202, 133
151, 189
156, 185
209, 122
223, 94
196, 142
196, 142
227, 84
190, 150
150, 190
155, 186
224, 92
161, 181
211, 119
197, 141
197, 141
228, 82
228, 82
210, 121
153, 188
153, 188
215, 112
152, 189
224, 93
147, 193
143, 196
157, 185
177, 166
203, 133
142, 197
142, 197
191, 150
191, 150
150, 191
231, 75
103, 220
200, 138
145, 195
198, 141
198, 141
189, 153
148, 193
229, 82
229, 82
158, 185
177, 167
177, 167
230, 80
156, 187
146, 195
228, 86
228, 86
211, 122
189, 154
154, 189
154, 189
145, 196
103, 221
103, 221
149, 193
149, 193
230, 81
199, 141
117, 214
148, 194
148, 194
158, 186
232, 76
232, 76
180, 165
147, 195
143, 198
143, 198
192, 151
192, 151
229, 85
229, 85
116, 215
201, 139
189, 155
232, 77
231, 80
231, 80
154, 190
154, 190
212, 122
145, 197
159, 186
153, 191
178, 168
178, 168
232, 78
117, 215
148, 195
148, 195
179, 167
180, 166
180, 166
180, 166
152, 192
157, 188
157, 188
213, 121
229, 87
229, 87
151, 193
104, 222
116, 216
190, 155
230, 85
150, 194
145, 198
179, 168
179, 168
192, 153
153, 192
105, 222
196, 148
157, 189
233, 78
232, 81
232, 81
140, 202
147, 197
151, 194
214, 121
143, 200
143, 200
143, 200
230, 87
191, 155
191, 155
146, 198
146, 198
136, 205
203, 139
234, 76
160, 187
160, 187
192, 154
149, 196
215, 120
181, 167
181, 167
138, 204
141, 202
141, 202
141, 202
234, 77
236, 71
233, 81
233, 81
192, 155
128, 211
146, 199
231, 87
136, 206
136, 206
180, 169
193, 154
235, 76
235, 76
153, 194
138, 205
135, 207
152, 195
152, 195
201, 144
144, 201
234, 80
192, 156
237, 71
162, 187
204, 140
146, 200
236, 75
128, 212
128, 212
136, 207
142, 203
142, 203
183, 167
183, 167
108, 223
232, 87
238, 69
106, 224
116, 219
116, 219
201, 145
236, 76
234, 82
135, 208
135, 208
135, 208
127, 213
152, 196
202, 144
202, 144
137, 207
137, 207
107, 224
235, 80
134, 209
234, 83
203, 143
190, 160
198, 150
198, 150
128, 213
204, 142
204, 142
142, 204
133, 210
237, 75
237, 75
234, 84
192, 158
158, 192
110, 223
239, 69
138, 207
235, 82
234, 85
129, 213
201, 147
201, 147
161, 190
134, 210
109, 224
224, 109
224, 109
184, 168
184, 168
191, 160
117, 220
199, 150
185, 167
167, 185
146, 202
159, 192
159, 192
192, 159
136, 209
165, 187
200, 149
133, 211
158, 193
158, 193
240, 68
203, 145
188, 164
164, 188
238, 75
223, 112
110, 224
110, 224
125, 216
189, 163
163, 189
221, 116
148, 201
148, 201
239, 72
138, 208
162, 190
162, 190
181, 172
183, 170
191, 161
147, 202
184, 169
169, 184
169, 184
129, 214
129, 214
155, 196
168, 185
168, 185
207, 140
239, 73
239, 73
160, 192
205, 143
205, 143
186, 167
186, 167
224, 111
223, 113
200, 150
222, 115
107, 226
146, 203
166, 187
226, 107
117, 221
221, 117
105, 227
220, 119
220, 119
188, 165
165, 188
239, 74
158, 194
149, 201
201, 149
189, 164
145, 204
145, 204
179, 175
163, 190
180, 174
181, 173
181, 173
241, 68
241, 68
202, 148
202, 148
125, 217
112, 224
224, 112
191, 162
191, 162
223, 114
223, 114
141, 207
171, 183
116, 222
108, 226
222, 116
170, 184
106, 227
118, 221
221, 118
221, 118
240, 72
240, 72
155, 197
140, 208
129, 215
143, 206
143, 206
150, 201
242, 66
204, 146
113, 224
111, 225
111, 225
109, 226
126, 217
107, 227
153, 199
153, 199
142, 207
179, 176
180, 175
220, 121
145, 205
133, 213
183, 172
172, 183
219, 123
171, 184
130, 215
185, 170
208, 141
112, 225
144, 206
144, 206
116, 223
116, 223
241, 72
140, 209
220, 122
137, 211
207, 143
150, 202
242, 69
205, 146
205, 146
178, 178
178, 178
179, 177
179, 177
131, 215
131, 215
126, 218
126, 218
115, 224
115, 224
243, 66
153, 200
109, 227
139, 210
139, 210
192, 163
192, 163
192, 163
206, 145
206, 145
242, 70
133, 214
193, 162
152, 201
194, 161
110, 227
190, 166
196, 159
210, 140
137, 212
137, 212
178, 179
221, 122
176, 181
175, 182
134, 214
192, 164
244, 65
244, 65
183, 174
174, 183
174, 183
184, 173
184, 173
185, 172
153, 201
126, 219
186, 171
186, 171
136, 213
136, 213
145, 207
194, 162
107, 229
107, 229
229, 107
188, 169
195, 161
243, 70
243, 70
210, 141
190, 167
190, 167
196, 160
116, 225
178, 180
178, 180
228, 110
228, 110
192, 165
127, 219
181, 177
177, 181
177, 181
177, 181
176, 182
229, 108
183, 175
183, 175
150, 204
140, 211
185, 173
172, 186
172, 186
171, 187
171, 187
187, 171
221, 124
245, 65
245, 65
195, 162
208, 145
208, 145
227, 113
227, 113
115, 226
111, 228
111, 228
203, 152
229, 109
229, 109
190, 168
196, 161
148, 206
206, 148
219, 128
107, 230
231, 105
141, 211
209, 144
209, 144
232, 103
244, 70
179, 180
181, 178
183, 176
174, 185
150, 205
173, 186
228, 112
228, 112
116, 226
226, 116
226, 116
225, 118
225, 118
224, 120
195, 163
231, 106
129, 219
246, 64
246, 64
232, 104
245, 68
124, 222
148, 207
148, 207
207, 148
207, 148
115, 227
115, 227
227, 115
227, 115
234, 100
226, 117
226, 117
133, 217
133, 217
128, 220
128, 220
220, 128
225, 119
224, 121
141, 212
175, 185
130, 219
174, 186
147, 208
222, 125
132, 218
234, 101
234, 101
114, 228
108, 231
225, 120
224, 122
246, 68
136, 216
222, 126
234, 102
148, 208
208, 148
177, 184
176, 185
115, 228
133, 218
128, 221
128, 221
109, 231
141, 213
211, 144
147, 209
147, 209
236, 98
132, 219
237, 96
127, 222
127, 222
238, 94
221, 129
236, 99
225, 122
181, 181
179, 183
179, 183
178, 184
178, 184
177, 185
131, 220
131, 220
237, 97
136, 217
248, 64
248, 64
238, 95
238, 95
117, 228
111, 231
111, 231
231, 111
119, 227
147, 210
234, 105
143, 213
137, 217
223, 127
238, 96
240, 91
181, 182
179, 184
112, 231
112, 231
118, 228
118, 228
110, 232
110, 232
129, 222
222, 129
222, 129
207, 152
207, 152
249, 63
249, 63
240, 92
240, 92
223, 128
119, 228
232, 111
121, 227
233, 109
209, 150
209, 150
130, 222
143, 214
143, 214
240, 93
230, 116
230, 116
142, 215
233, 110
213, 145
230, 117
113, 232
113, 232
119, 229
121, 228
223, 130
223, 130
143, 215
222, 132
222, 132
243, 88
142, 216
142, 216
214, 145
214, 145
120, 229
120, 229
228, 122
131, 223
223, 131
223, 131
210, 151
195, 170
141, 217
133, 222
222, 134
222, 134
145, 215
142, 217
225, 129
116, 232
244, 88
244, 88
211, 151
131, 224
240, 99
117, 232
232, 117
231, 119
130, 225
121, 230
235, 111
251, 68
251, 68
145, 216
241, 98
239, 103
232, 118
245, 88
242, 96
241, 99
223, 135
223, 135
242, 97
226, 130
226, 130
117, 233
253, 63
253, 63
252, 67
121, 231
236, 111
145, 217
240, 103
234, 116
234, 116
118, 233
235, 114
247, 85
131, 226
122, 231
231, 122
241, 101
225, 133
254, 62
254, 62
253, 66
244, 94
224, 135
146, 217
119, 233
119, 233
253, 67
226, 132
226, 132
225, 134
236, 114
236, 114
248, 85
248, 85
242, 101
146, 218
243, 99
245, 94
245, 94
255, 62
255, 62
254, 66
235, 117
235, 117
125, 231
148, 217
217, 148
217, 148
243, 100
241, 105
235, 118
120, 234
120, 234
237, 114
249, 85
221, 143
246, 94
255, 66
236, 117
235, 119
148, 218
148, 218
218, 148
127, 231
256, 63
256, 63
242, 105
242, 105
237, 116
237, 116
122, 234
122, 234
124, 233
146, 220
220, 146
251, 82
246, 96
256, 65
248, 91
219, 148
217, 151
256, 66
125, 233
241, 109
220, 147
220, 147
257, 63
257, 63
222, 144
222, 144
243, 105
238, 116
235, 122
146, 221
149, 219
149, 219
219, 149
219, 149
223, 143
247, 96
252, 82
257, 65
249, 91
249, 91
220, 148
218, 151
218, 151
238, 117
236, 121
123, 235
123, 235
226, 139
258, 62
258, 62
245, 102
242, 109
147, 221
219, 150
219, 150
131, 231
236, 122
133, 230
250, 90
224, 143
218, 152
126, 234
243, 108
253, 82
253, 82
250, 91
217, 154
237, 121
237, 121
125, 235
125, 235
147, 222
246, 102
259, 62
129, 233
149, 221
149, 221
238, 120
239, 118
239, 118
239, 118
225, 143
225, 143
254, 81
251, 90
248, 98
250, 93
250, 93
130, 233
244, 108
247, 101
226, 142
226, 142
245, 106
239, 119
239, 119
238, 121
240, 117
248, 99
134, 231
144, 225
225, 144
252, 89
255, 80
248, 100
126, 236
255, 81
128, 235
216, 158
216, 158
148, 223
148, 223
145, 225
145, 225
251, 93
251, 93
248, 101
248, 101
250, 96
217, 157
217, 157
246, 106
246, 106
253, 88
150, 222
150, 222
222, 150
224, 147
224, 147
144, 226
144, 226
127, 236
127, 236
131, 234
223, 149
253, 89
253, 89
256, 80
225, 146
225, 146
133, 233
143, 227
224, 148
224, 148
222, 151
130, 235
130, 235
142, 228
251, 96
223, 150
223, 150
247, 106
254, 88
254, 88
144, 227
163, 214
146, 226
146, 226
138, 231
249, 102
257, 80
257, 80
162, 215
135, 233
148, 225
128, 237
255, 87
249, 103
254, 90
254, 90
150, 224
150, 224
164, 214
222, 153
255, 88
215, 163
215, 163
258, 79
258, 79
129, 237
131, 236
131, 236
162, 216
216, 162
216, 162
133, 235
224, 151
224, 151
148, 226
222, 154
161, 217
161, 217
165, 214
137, 233
256, 87
250, 103
250, 103
132, 236
132, 236
139, 232
254, 93
141, 231
136, 234
224, 152
129, 238
146, 228
146, 228
259, 79
143, 230
143, 230
140, 232
140, 232
161, 218
161, 218
257, 86
165, 215
145, 229
142, 231
130, 238
139, 233
251, 103
144, 230
159, 220
260, 78
214, 167
214, 167
141, 232
141, 232
149, 227
223, 155
215, 166
215, 166
131, 238
260, 79
165, 216
145, 230
258, 86
256, 92
253, 100
150, 227
156, 223
132, 238
163, 218
254, 98
159, 221
257, 90
152, 226
152, 226
212, 171
245, 119
136, 236
224, 155
261, 78
261, 78
253, 101
165, 217
254, 99
214, 169
211, 173
142, 233
142, 233
137, 236
156, 224
156, 224
212, 172
212, 172
163, 219
163, 219
132, 239
262, 77
162, 220
260, 84
258, 90
246, 119
214, 170
262, 78
256, 96
151, 228
151, 228
154, 226
211, 174
133, 239
212, 173
257, 94
137, 237
137, 237
156, 225
163, 220
259, 89
210, 176
134, 239
134, 239
162, 221
263, 77
263, 77
155, 226
211, 175
246, 121
260, 87
261, 84
161, 222
249, 115
257, 96
142, 235
142, 235
258, 94
247, 120
247, 120
137, 238
210, 177
264, 76
211, 176
211, 176
261, 86
260, 89
262, 83
141, 236
158, 225
264, 77
161, 223
138, 238
262, 84
209, 179
209, 179
250, 115
258, 96
210, 178
210, 178
135, 240
261, 88
260, 91
248, 120
265, 76
228, 155
158, 226
158, 226
262, 86
263, 83
263, 83
249, 119
251, 115
212, 177
212, 177
252, 113
156, 228
261, 91
261, 91
250, 118
209, 181
209, 181
251, 116
229, 155
158, 227
266, 76
266, 76
136, 241
264, 83
157, 228
138, 240
250, 119
251, 117
263, 87
262, 90
229, 156
253, 113
265, 81
246, 128
267, 75
267, 75
262, 91
243, 134
254, 112
264, 86
138, 241
247, 127
252, 117
252, 117
210, 182
210, 182
244, 133
263, 90
263, 90
266, 81
247, 128
247, 128
139, 241
246, 130
255, 112
250, 123
248, 127
257, 108
254, 115
264, 90
267, 81
139, 242
251, 122
247, 130
247, 130
257, 109
257, 109
265, 88
255, 114
250, 125
250, 125
252, 121
248, 129
248, 129
248, 129
252, 121
257, 110
228, 162
258, 108
255, 115
229, 161
229, 161
139, 243
266, 88
266, 88
256, 114
138, 244
252, 123
249, 129
253, 121
253, 121
255, 117
257, 113
139, 244
250, 128
254, 120
256, 116
229, 163
267, 88
138, 245
252, 125
250, 129
230, 162
230, 162
255, 119
248, 133
268, 86
256, 117
260, 108
258, 113
251, 128
249, 132
255, 120
231, 162
254, 123
254, 123
256, 119
269, 86
269, 86
261, 108
255, 122
260, 111
231, 163
257, 118
257, 118
253, 127
270, 86
254, 126
253, 128
240, 151
261, 111
258, 118
271, 84
210, 191
210, 191
231, 165
231, 165
256, 123
262, 110
259, 117
265, 103
255, 126
272, 84
272, 84
257, 123
257, 123
243, 149
260, 117
266, 103
232, 166
232, 166
211, 192
211, 192
253, 132
258, 122
263, 111
263, 111
264, 109
273, 84
254, 131
232, 167
263, 112
239, 157
239, 157
264, 110
264, 110
257, 126
240, 156
240, 156
240, 156
259, 122
269, 98
260, 120
268, 101
244, 150
232, 168
269, 99
275, 81
270, 97
258, 126
259, 124
264, 113
264, 113
270, 98
233, 168
233, 168
261, 120
261, 120
272, 93
266, 109
271, 96
241, 157
241, 157
276, 81
276, 81
277, 78
269, 103
260, 124
234, 168
265, 113
266, 111
267, 109
269, 104
272, 96
257, 131
262, 121
262, 121
277, 81
234, 169
263, 119
241, 159
241, 159
273, 94
273, 94
258, 130
278, 79
278, 79
263, 120
269, 106
267, 111
234, 170
234, 170
239, 163
264, 119
264, 119
274, 94
274, 94
272, 100
262, 124
279, 79
279, 79
270, 106
268, 111
268, 111
265, 118
242, 160
242, 160
244, 157
275, 93
276, 90
265, 119
276, 91
269, 110
275, 94
235, 171
235, 171
271, 105
271, 105
280, 78
260, 130
273, 100
273, 100
263, 124
264, 122
276, 92
276, 92
280, 79
266, 118
261, 129
270, 109
211, 201
241, 164
245, 158
270, 110
270, 110
272, 105
281, 78
281, 78
274, 100
265, 122
242, 163
267, 118
275, 98
241, 165
282, 77
242, 164
240, 167
282, 78
245, 160
280, 85
241, 166
268, 118
271, 111
271, 111
276, 98
276, 98
280, 86
280, 86
240, 168
281, 83
280, 87
241, 167
271, 112
281, 84
281, 84
283, 77
272, 110
234, 177
234, 177
270, 115
267, 122
281, 85
235, 176
277, 98
264, 129
276, 101
278, 96
272, 112
284, 77
271, 115
268, 122
273, 111
273, 111
266, 127
235, 178
279, 96
270, 119
265, 130
266, 128
274, 111
286, 75
278, 101
275, 109
271, 119
280, 96
280, 96
236, 179
236, 179
273, 115
279, 100
267, 129
248, 163
272, 119
272, 119
287, 76
287, 76
265, 134
287, 77
274, 115
281, 97
281, 97
275, 113
248, 164
280, 100
273, 118
273, 118
287, 78
268, 129
269, 127
288, 75
240, 176
281, 99
270, 126
276, 113
276, 113
289, 74
289, 74
274, 118
236, 183
236, 183
269, 130
277, 112
240, 178
241, 177
241, 177
280, 105
284, 94
277, 113
275, 118
276, 116
278, 112
278, 112
272, 126
281, 105
237, 184
237, 184
285, 94
291, 74
291, 74
279, 111
277, 116
279, 112
286, 93
274, 124
278, 115
278, 115
268, 137
292, 73
292, 73
280, 111
280, 111
275, 124
287, 93
240, 183
240, 183
281, 111
276, 123
282, 109
273, 130
280, 115
294, 73
294, 73
277, 123
241, 184
241, 184
283, 109
278, 122
287, 99
281, 115
290, 90
271, 137
274, 131
285, 105
284, 108
284, 108
273, 134
295, 74
295, 74
253, 169
283, 112
237, 191
237, 191
279, 122
288, 99
273, 135
291, 90
286, 105
285, 108
285, 108
287, 103
274, 134
280, 121
254, 169
296, 74
289, 98
284, 112
284, 112
286, 107
286, 107
275, 133
276, 131
238, 192
238, 192
290, 97
285, 111
288, 103
293, 88
281, 121
277, 130
297, 74
285, 112
287, 107
297, 75
290, 99
282, 120
289, 102
286, 111
294, 88
291, 98
288, 107
298, 75
283, 120
290, 102
289, 105
237, 196
237, 196
238, 195
238, 195
291, 100
291, 100
287, 111
256, 171
284, 119
278, 133
237, 197
299, 75
290, 105
296, 87
292, 100
279, 132
288, 111
257, 171
280, 130
295, 91
237, 198
285, 119
297, 85
295, 92
291, 104
297, 86
300, 75
286, 118
290, 108
280, 132
238, 198
301, 73
297, 88
281, 131
258, 172
238, 199
287, 118
291, 108
291, 108
295, 97
302, 73
298, 88
298, 88
288, 117
259, 172
292, 108
295, 100
296, 97
238, 201
238, 201
293, 106
299, 88
289, 117
297, 95
301, 83
260, 173
290, 116
296, 100
294, 106
301, 85
298, 95
298, 95
239, 202
239, 202
302, 82
302, 82
297, 99
261, 173
291, 116
295, 106
305, 73
305, 73
299, 95
302, 85
302, 85
303, 82
303, 82
298, 99
300, 93
306, 71
306, 72
306, 72
306, 72
293, 114
262, 174
303, 85
138, 283
138, 283
301, 93
304, 83
304, 83
298, 103
294, 114
307, 73
307, 73
307, 73
302, 92
307, 74
301, 96
264, 174
139, 284
299, 103
306, 80
306, 81
306, 81
308, 74
306, 82
309, 70
302, 96
263, 177
309, 71
309, 71
139, 285
303, 95
265, 175
309, 74
264, 177
137, 287
299, 109
264, 178
264, 178
266, 175
140, 286
309, 77
303, 98
303, 99
304, 96
141, 286
264, 179
308, 83
241, 209
241, 209
300, 109
138, 288
138, 288
310, 77
239, 212
308, 86
301, 108
265, 179
306, 94
307, 91
138, 289
138, 289
265, 180
310, 81
306, 95
242, 210
242, 210
307, 92
302, 108
137, 290
137, 290
307, 93
307, 93
309, 87
308, 91
240, 214
310, 87
303, 109
303, 110
143, 289
269, 178
142, 290
142, 290
137, 293
137, 293
304, 111
304, 112
314, 81
242, 216
142, 292
142, 292
138, 294
138, 294
269, 182
0, 325
242, 218
243, 217
143, 293
143, 293
310, 101
270, 183
306, 114
310, 103
316, 83
306, 115
0, 327
11, 327
11, 327
270, 185
311, 102
311, 102
140, 296
18, 327
240, 223
317, 83
143, 295
143, 295
12, 328
12, 328
240, 224
142, 296
142, 296
138, 298
271, 186
141, 297
164, 285
164, 285
0, 329
241, 224
242, 223
9, 329
10, 329
163, 286
163, 286
312, 105
313, 102
138, 299
316, 93
17, 329
308, 117
272, 186
312, 106
19, 329
20, 329
143, 297
316, 94
316, 94
242, 224
308, 118
10, 330
317, 93
323, 70
19, 330
139, 300
323, 71
273, 187
317, 95
140, 300
317, 96
318, 93
315, 104
324, 72
265, 200
265, 200
315, 105
319, 93
141, 301
141, 301
319, 94
142, 301
142, 301
62, 327
325, 72
320, 92
63, 327
315, 109
276, 187
266, 201
266, 201
277, 186
315, 110
321, 92
63, 328
58, 329
58, 329
143, 302
143, 302
275, 190
70, 327
70, 327
317, 107
156, 296
156, 296
61, 329
61, 329
62, 329
327, 72
63, 329
63, 329
155, 297
155, 297
278, 187
59, 330
59, 330
59, 330
323, 90
60, 330
60, 330
318, 107
317, 110
328, 72
57, 331
277, 190
68, 329
68, 329
58, 331
64, 330
64, 330
322, 97
154, 299
55, 332
71, 329
71, 329
56, 332
56, 332
318, 111
57, 332
318, 112
322, 100
322, 100
53, 333
329, 74
70, 330
70, 330
54, 333
54, 333
60, 332
322, 101
55, 333
323, 99
324, 96
320, 109
322, 103
330, 74
330, 74
60, 333
320, 110
322, 104
324, 98
274, 199
274, 199
50, 335
62, 333
51, 335
51, 335
275, 198
275, 198
275, 198
331, 73
52, 335
324, 100
325, 97
325, 97
59, 334
331, 74
60, 334
329, 84
332, 73
327, 93
78, 331
59, 335
59, 335
327, 94
276, 199
276, 199
325, 101
277, 198
332, 76
325, 102
81, 331
330, 85
276, 200
333, 73
321, 115
277, 199
59, 336
321, 116
283, 191
328, 95
76, 333
333, 76
333, 76
326, 102
331, 85
331, 85
328, 96
57, 337
334, 73
331, 86
334, 74
322, 116
332, 84
332, 84
334, 76
334, 77
334, 77
57, 338
57, 338
327, 103
332, 86
332, 86
334, 78
0, 343
1, 343
2, 343
335, 74
326, 107
326, 108
76, 335
283, 195
57, 339
333, 86
330, 97
330, 98
336, 75
334, 84
334, 84
55, 340
295, 178
327, 109
327, 109
218, 267
326, 112
77, 336
294, 180
115, 325
115, 325
287, 191
324, 118
296, 177
327, 110
295, 179
324, 119
337, 75
327, 111
327, 111
334, 88
55, 341
55, 341
293, 183
337, 76
331, 99
335, 85
112, 327
292, 185
77, 337
294, 182
331, 100
291, 187
293, 184
116, 326
116, 326
326, 116
288, 192
292, 186
218, 269
297, 178
117, 326
326, 117
335, 88
335, 88
55, 342
217, 270
338, 76
336, 85
337, 81
118, 326
220, 268
336, 86
338, 78
287, 195
0, 347
218, 270
218, 270
217, 271
217, 271
111, 329
114, 328
288, 194
216, 272
336, 88
296, 182
220, 269
112, 329
338, 81
338, 81
327, 118
295, 184
326, 121
337, 86
297, 181
339, 78
339, 78
294, 186
52, 344
332, 104
217, 272
327, 119
333, 101
296, 183
326, 122
216, 273
216, 273
332, 105
295, 185
333, 102
215, 274
112, 330
339, 81
337, 89
333, 103
333, 103
295, 186
339, 82
330, 113
337, 90
52, 345
52, 345
216, 274
265, 227
265, 227
0, 349
338, 87
338, 87
266, 226
266, 226
215, 275
215, 275
38, 347
8, 349
330, 114
301, 177
214, 276
323, 133
327, 123
333, 106
333, 106
338, 89
338, 89
302, 176
323, 134
327, 124
333, 107
220, 272
220, 272
215, 276
52, 346
339, 87
339, 87
214, 277
38, 348
38, 348
8, 350
334, 105
296, 187
213, 278
213, 278
341, 80
189, 295
189, 295
300, 181
303, 176
331, 115
341, 81
329, 121
188, 296
188, 296
332, 113
301, 180
331, 116
339, 90
339, 90
304, 175
206, 284
206, 284
323, 137
329, 122
324, 135
38, 349
205, 285
205, 285
335, 105
299, 184
8, 351
276, 217
276, 217
340, 88
340, 88
335, 106
324, 136
220, 274
220, 274
300, 183
342, 81
121, 330
219, 275
219, 275
305, 175
82, 342
342, 82
340, 90
340, 90
213, 280
213, 280
298, 187
122, 330
122, 330
329, 125
334, 111
334, 111
0, 352
212, 281
306, 174
8, 352
299, 186
341, 88
341, 88
123, 330
330, 123
334, 112
329, 126
219, 276
219, 276
188, 298
188, 298
210, 283
342, 85
343, 81
218, 277
218, 277
277, 218
277, 218
330, 124
330, 124
190, 297
335, 110
335, 110
209, 284
209, 284
336, 107
274, 222
342, 86
187, 299
187, 299
82, 343
35, 351
304, 179
304, 179
212, 282
98, 339
189, 298
336, 108
211, 283
191, 297
333, 118
304, 180
344, 81
190, 298
306, 177
330, 127
35, 352
308, 174
304, 181
336, 111
336, 111
337, 108
338, 105
330, 128
0, 354
102, 339
218, 279
218, 279
344, 84
344, 84
336, 112
337, 109
337, 109
334, 118
334, 118
334, 118
217, 280
217, 280
337, 110
335, 116
335, 116
310, 172
305, 181
94, 342
35, 353
35, 353
304, 183
344, 87
335, 117
335, 117
95, 342
217, 281
217, 281
345, 84
345, 84
305, 182
326, 141
339, 106
216, 282
216, 282
275, 225
304, 184
93, 343
343, 93
311, 172
335, 119
43, 353
34, 354
343, 94
305, 183
44, 353
44, 353
312, 171
45, 353
216, 283
216, 283
345, 88
340, 106
265, 238
265, 238
215, 284
215, 284
346, 85
345, 89
311, 174
304, 186
304, 186
333, 127
333, 127
340, 107
33, 355
344, 94
34, 355
313, 171
338, 114
338, 114
339, 111
305, 185
346, 87
307, 182
215, 285
215, 285
328, 141
339, 112
338, 115
338, 115
214, 286
214, 286
312, 174
312, 174
334, 127
339, 113
341, 107
341, 107
323, 153
304, 188
304, 188
315, 169
347, 86
346, 90
33, 356
33, 356
265, 240
265, 240
266, 239
266, 239
313, 173
305, 187
305, 187
345, 95
102, 343
307, 184
0, 358
1, 358
214, 287
214, 287
2, 358
213, 288
213, 288
346, 93
346, 93
339, 116
342, 107
316, 169
316, 169
33, 357
313, 175
87, 348
324, 154
346, 95
326, 150
282, 222
315, 172
307, 186
206, 294
206, 294
213, 289
38, 357
38, 357
313, 176
39, 357
348, 89
212, 290
40, 357
205, 295
205, 295
349, 86
341, 114
128, 336
304, 192
304, 192
313, 177
349, 87
283, 222
348, 91
348, 91
317, 170
317, 170
317, 170
36, 358
213, 290
213, 290
284, 221
341, 115
99, 346
340, 118
37, 358
129, 336
129, 336
212, 291
347, 96
230, 277
327, 151
327, 151
215, 289
130, 336
347, 97
347, 97
314, 177
326, 154
347, 98
304, 194
87, 350
328, 150
231, 277
209, 294
209, 294
209, 294
282, 225
323, 161
349, 92
305, 193
305, 193
314, 178
327, 153
307, 190
342, 116
349, 93
207, 296
207, 296
214, 291
214, 291
285, 222
323, 162
324, 160
86, 351
314, 179
314, 179
231, 278
206, 297
206, 297
327, 154
342, 117
283, 225
306, 193
99, 348
25, 361
26, 361
214, 292
214, 292
286, 222
76, 354
28, 361
307, 192
210, 295
210, 295
29, 361
213, 293
213, 293
209, 296
86, 352
320, 170
343, 117
342, 120
342, 120
78, 354
208, 297
323, 165
343, 118
343, 118
315, 180
315, 180
75, 355
284, 226
135, 337
100, 349
213, 294
343, 119
343, 119
324, 164
321, 170
315, 181
346, 111
351, 94
287, 223
351, 95
346, 112
346, 112
321, 171
23, 363
285, 226
309, 192
315, 182
84, 354
286, 225
209, 298
209, 298
344, 119
100, 350
350, 100
323, 168
352, 93
212, 296
133, 339
133, 339
351, 97
233, 280
264, 251
350, 101
346, 114
345, 117
345, 117
265, 250
31, 363
232, 281
353, 91
210, 298
322, 171
345, 118
287, 225
351, 99
23, 364
206, 301
84, 355
326, 164
346, 116
346, 116
347, 113
345, 119
264, 252
351, 100
265, 251
205, 302
205, 302
339, 136
353, 94
207, 301
31, 364
325, 167
91, 354
353, 95
353, 95
339, 137
234, 281
23, 365
23, 365
75, 358
326, 166
352, 100
323, 172
93, 354
81, 357
304, 204
348, 114
82, 357
134, 341
317, 184
22, 366
22, 366
88, 356
135, 341
135, 341
352, 103
354, 96
354, 96
89, 356
136, 341
349, 114
325, 171
31, 366
31, 366
318, 184
349, 115
349, 115
227, 289
354, 99
354, 99
22, 367
226, 290
325, 172
349, 116
304, 207
228, 289
30, 367
319, 184
227, 290
19, 368
326, 172
21, 368
22, 368
350, 116
350, 116
323, 178
355, 100
355, 100
306, 206
85, 359
326, 173
320, 184
30, 368
323, 179
313, 196
78, 361
229, 290
342, 140
21, 369
351, 116
323, 180
263, 260
263, 260
264, 259
264, 259
355, 104
355, 104
231, 289
351, 117
326, 175
10, 370
314, 196
323, 181
229, 291
326, 176
306, 209
21, 370
22, 370
85, 361
97, 358
27, 370
0, 371
28, 370
9, 371
10, 371
356, 105
356, 105
98, 358
333, 164
142, 343
352, 118
78, 363
309, 206
145, 342
145, 342
19, 371
315, 197
352, 119
143, 343
334, 163
80, 363
235, 288
235, 288
336, 159
234, 289
234, 289
146, 342
144, 343
144, 343
315, 198
12, 372
308, 209
17, 372
353, 119
335, 163
335, 163
356, 110
356, 110
146, 343
353, 120
144, 344
27, 372
0, 373
336, 162
336, 162
336, 162
11, 373
353, 121
12, 373
87, 363
17, 373
18, 373
316, 199
19, 373
19, 373
353, 122
357, 111
357, 111
335, 166
333, 170
331, 174
331, 174
263, 266
263, 266
262, 267
262, 267
304, 218
304, 218
357, 112
145, 345
145, 345
337, 163
337, 163
343, 150
343, 150
332, 173
354, 122
357, 113
20, 374
20, 374
141, 347
354, 123
340, 158
142, 347
142, 347
316, 202
62, 370
62, 370
336, 167
337, 165
337, 165
143, 347
143, 347
345, 148
345, 148
341, 157
305, 219
305, 219
64, 370
344, 151
344, 151
306, 218
306, 218
355, 124
102, 362
333, 175
340, 161
87, 366
342, 157
103, 362
110, 360
84, 367
344, 153
336, 170
336, 170
70, 370
338, 166
338, 166
346, 149
346, 149
60, 372
60, 372
303, 224
343, 156
282, 250
330, 182
330, 182
86, 367
262, 271
262, 271
261, 272
338, 167
338, 167
112, 360
304, 223
319, 201
307, 219
307, 219
331, 181
331, 181
63, 372
308, 218
308, 218
330, 183
330, 183
320, 200
110, 361
341, 162
70, 371
319, 202
347, 149
71, 371
318, 204
320, 201
337, 171
337, 171
333, 179
319, 203
62, 373
68, 372
68, 372
304, 225
63, 373
339, 168
318, 205
318, 205
342, 162
333, 180
348, 149
345, 156
111, 362
306, 223
319, 204
60, 374
339, 169
338, 171
330, 186
282, 253
263, 273
275, 261
275, 261
309, 220
69, 373
69, 373
283, 253
340, 169
340, 169
339, 171
315, 212
319, 206
319, 206
265, 272
265, 272
264, 273
263, 274
286, 250
349, 150
112, 363
112, 363
346, 157
316, 211
318, 208
318, 208
312, 217
332, 185
332, 185
106, 365
339, 172
146, 351
331, 187
349, 151
319, 207
319, 207
333, 184
309, 222
286, 251
316, 212
147, 351
147, 351
276, 262
276, 262
341, 169
277, 261
277, 261
108, 365
349, 152
349, 152
350, 150
350, 150
313, 217
148, 351
351, 148
351, 148
284, 254
332, 187
344, 164
266, 273
266, 273
350, 151
263, 276
262, 277
351, 149
351, 149
351, 149
321, 206
333, 186
352, 147
352, 147
258, 281
258, 281
316, 214
285, 254
348, 157
330, 192
310, 223
287, 252
263, 277
262, 278
278, 262
363, 119
336, 182
318, 212
318, 212
320, 209
342, 171
317, 214
336, 183
336, 183
265, 276
352, 150
311, 223
320, 210
334, 187
350, 155
259, 282
259, 282
364, 119
336, 184
349, 158
331, 193
343, 171
334, 188
351, 154
351, 154
351, 154
266, 276
322, 208
333, 190
262, 280
262, 280
260, 282
319, 213
321, 210
321, 210
259, 283
259, 283
258, 284
346, 166
334, 189
318, 215
322, 209
322, 209
337, 184
337, 184
350, 158
332, 193
266, 277
265, 278
321, 211
344, 171
344, 171
346, 167
346, 167
352, 154
352, 154
365, 120
365, 120
355, 147
304, 235
325, 205
333, 192
335, 189
335, 189
271, 273
319, 215
348, 164
266, 278
325, 206
338, 184
365, 122
336, 188
259, 285
356, 147
258, 286
306, 234
354, 152
354, 152
338, 185
272, 273
272, 273
273, 272
274, 271
276, 269
304, 237
313, 225
345, 172
345, 172
347, 168
347, 168
356, 148
324, 209
324, 209
348, 166
305, 236
321, 214
321, 214
338, 186
325, 208
325, 208
258, 287
257, 288
336, 190
313, 226
320, 216
320, 216
272, 274
274, 272
275, 271
324, 210
324, 210
367, 120
367, 120
351, 161
339, 185
339, 185
334, 194
338, 187
338, 187
264, 282
264, 282
353, 157
353, 157
321, 215
321, 215
323, 212
347, 170
347, 170
354, 155
357, 148
355, 153
112, 370
307, 235
352, 160
352, 160
258, 288
367, 122
367, 122
334, 195
276, 271
276, 271
277, 270
277, 270
278, 269
354, 156
349, 167
349, 167
355, 154
340, 185
352, 161
152, 356
111, 371
334, 196
347, 172
347, 172
368, 121
368, 121
368, 121
358, 148
308, 235
314, 227
153, 356
153, 356
325, 211
325, 211
274, 274
112, 371
340, 186
357, 151
339, 188
339, 188
354, 158
354, 158
348, 171
348, 171
328, 207
154, 356
356, 154
336, 194
357, 152
357, 152
323, 215
259, 289
327, 209
327, 209
335, 196
335, 196
349, 170
349, 170
349, 170
279, 270
315, 227
369, 121
328, 208
328, 208
328, 208
358, 151
304, 242
345, 179
343, 183
276, 274
276, 274
277, 273
336, 196
114, 372
346, 178
345, 180
345, 180
344, 182
358, 153
358, 153
331, 205
331, 205
324, 216
324, 216
324, 216
336, 197
336, 197
348, 175
350, 171
350, 171
259, 291
259, 291
357, 156
345, 181
276, 275
276, 275
258, 292
258, 292
316, 228
325, 215
325, 215
113, 373
329, 209
324, 217
305, 243
348, 176
350, 172
347, 178
333, 203
333, 203
336, 198
114, 373
339, 193
339, 193
344, 184
335, 200
310, 237
323, 219
342, 188
275, 277
272, 280
357, 158
349, 175
349, 175
349, 175
317, 228
344, 185
330, 209
318, 227
332, 206
338, 196
357, 159
337, 198
350, 174
348, 178
358, 157
358, 157
311, 237
336, 200
277, 276
276, 277
276, 277
277, 276
277, 276
278, 275
280, 273
324, 219
343, 188
330, 210
360, 153
320, 225
361, 151
361, 151
334, 204
346, 183
359, 156
340, 194
340, 194
319, 227
344, 187
326, 217
343, 189
343, 189
322, 223
320, 226
350, 176
350, 176
349, 178
348, 180
348, 180
362, 150
337, 200
346, 184
327, 216
340, 195
344, 188
343, 190
343, 190
350, 177
349, 179
347, 183
332, 209
332, 209
360, 156
360, 156
337, 201
334, 206
278, 277
280, 275
323, 223
362, 152
333, 208
258, 296
352, 174
350, 178
350, 178
353, 172
257, 297
324, 222
332, 210
332, 210
164, 357
361, 155
327, 218
327, 218
331, 212
305, 248
349, 181
349, 181
363, 151
280, 276
347, 185
361, 156
357, 165
326, 220
258, 297
340, 198
340, 198
344, 191
344, 191
344, 191
257, 298
327, 219
304, 250
331, 213
331, 213
348, 184
364, 150
164, 358
164, 358
346, 188
362, 155
313, 239
278, 279
345, 190
276, 281
276, 281
306, 248
275, 282
275, 282
351, 179
351, 179
327, 220
336, 206
347, 187
342, 196
333, 211
333, 211
333, 211
304, 251
163, 359
163, 359
363, 154
363, 154
328, 219
328, 219
344, 193
354, 174
337, 205
340, 200
364, 152
355, 172
349, 184
278, 280
278, 280
281, 277
277, 281
277, 281
348, 186
348, 186
336, 207
307, 248
329, 218
333, 212
335, 209
337, 206
332, 214
305, 251
343, 196
359, 165
336, 208
163, 360
163, 360
329, 219
331, 216
279, 280
307, 249
355, 174
356, 172
159, 362
357, 170
330, 218
330, 218
359, 166
348, 188
164, 360
313, 242
160, 362
160, 362
331, 217
355, 175
327, 223
345, 194
356, 173
341, 201
280, 280
280, 280
165, 360
360, 165
365, 154
161, 362
161, 362
346, 193
336, 210
358, 170
331, 218
327, 224
306, 252
306, 252
306, 252
164, 361
307, 251
307, 251
328, 223
334, 214
342, 201
357, 173
357, 173
358, 171
351, 185
333, 216
348, 191
348, 191
366, 154
358, 172
358, 172
334, 215
315, 242
336, 212
257, 303
257, 303
281, 281
281, 281
256, 304
256, 304
329, 223
355, 179
292, 270
292, 270
336, 213
348, 193
343, 202
314, 245
349, 192
349, 192
343, 203
316, 243
316, 243
327, 228
327, 228
363, 165
283, 281
283, 281
284, 280
284, 280
314, 246
356, 180
293, 271
293, 271
350, 192
316, 244
316, 244
356, 181
359, 175
317, 243
364, 165
368, 156
368, 156
292, 273
327, 230
327, 230
328, 229
328, 229
328, 229
328, 229
368, 157
314, 248
318, 243
369, 155
369, 155
286, 280
286, 280
306, 258
359, 177
329, 228
315, 247
315, 247
367, 160
293, 273
295, 271
317, 245
317, 245
326, 233
326, 233
357, 182
367, 161
367, 161
368, 159
327, 232
327, 232
344, 206
319, 243
316, 247
316, 247
228, 330
228, 330
293, 274
367, 162
317, 246
256, 309
256, 309
368, 160
345, 205
345, 205
296, 271
227, 331
227, 331
255, 310
255, 310
329, 230
360, 178
287, 281
287, 281
295, 273
296, 272
296, 272
296, 272
329, 231
359, 181
327, 234
316, 249
316, 249
165, 367
308, 259
317, 248
317, 248
360, 180
229, 331
229, 331
359, 182
310, 257
346, 206
327, 235
373, 152
166, 367
166, 367
330, 231
374, 150
374, 150
329, 233
167, 367
314, 253
297, 273
297, 273
311, 257
328, 235
255, 313
255, 313
313, 255
290, 281
290, 281
321, 245
291, 280
291, 280
227, 334
254, 314
254, 314
318, 249
328, 236
298, 273
316, 252
331, 232
331, 232
299, 272
375, 151
375, 151
308, 262
321, 246
330, 234
330, 234
330, 234
292, 280
292, 280
292, 280
293, 279
293, 279
331, 233
331, 233
316, 253
226, 336
373, 158
330, 235
376, 151
376, 151
222, 339
349, 206
315, 255
329, 237
317, 253
309, 263
335, 229
322, 247
373, 160
376, 153
376, 153
293, 281
293, 281
355, 197
295, 279
228, 336
222, 340
334, 231
254, 317
373, 161
335, 230
253, 318
377, 152
377, 152
377, 152
319, 252
319, 252
310, 263
223, 340
336, 229
336, 229
323, 247
316, 256
294, 281
320, 251
320, 251
376, 155
376, 155
295, 280
238, 330
238, 330
337, 228
254, 318
237, 331
237, 331
331, 237
253, 319
374, 161
377, 154
377, 154
377, 154
375, 159
295, 281
226, 339
223, 341
337, 229
317, 256
355, 200
374, 162
331, 238
338, 228
338, 228
311, 264
324, 248
321, 252
321, 252
340, 226
331, 239
322, 251
364, 185
220, 344
379, 152
339, 228
341, 225
311, 265
376, 160
324, 249
305, 272
227, 340
340, 227
230, 338
297, 281
318, 257
322, 252
319, 256
376, 161
332, 239
332, 239
373, 168
226, 341
223, 343
343, 223
220, 345
220, 345
220, 345
374, 166
374, 166
364, 187
324, 250
342, 225
222, 344
171, 372
219, 346
253, 322
253, 322
326, 248
252, 323
381, 151
172, 372
172, 372
251, 324
333, 239
226, 342
377, 161
344, 223
338, 232
312, 266
374, 168
380, 154
306, 273
366, 185
364, 189
381, 152
173, 372
319, 258
298, 282
377, 162
360, 197
360, 197
374, 169
252, 324
333, 240
375, 167
375, 167
375, 167
366, 186
221, 346
381, 153
381, 153
376, 165
331, 243
251, 325
215, 350
313, 266
382, 151
361, 196
223, 345
223, 345
345, 223
326, 250
376, 166
376, 166
340, 231
364, 191
364, 191
222, 346
222, 346
216, 350
334, 240
227, 343
345, 224
339, 233
339, 233
339, 233
322, 256
306, 275
340, 232
340, 232
378, 163
320, 259
383, 151
361, 198
361, 198
360, 200
360, 200
382, 154
222, 347
383, 152
335, 240
216, 351
314, 267
357, 206
361, 199
361, 199
327, 251
348, 221
315, 266
365, 192
343, 229
345, 226
321, 259
364, 194
374, 174
358, 205
326, 253
342, 231
323, 257
323, 257
222, 348
222, 348
348, 222
368, 187
307, 276
378, 166
350, 219
365, 193
175, 374
345, 227
384, 152
251, 328
251, 328
334, 243
339, 236
321, 260
361, 201
250, 329
368, 188
368, 188
344, 229
342, 232
348, 223
215, 353
356, 210
379, 165
249, 330
333, 245
307, 277
217, 352
217, 352
345, 228
343, 231
343, 231
225, 347
308, 276
334, 244
354, 214
357, 209
368, 189
351, 219
351, 219
344, 230
329, 251
317, 266
175, 375
216, 353
216, 353
353, 216
338, 239
377, 171
250, 330
362, 201
361, 203
349, 223
349, 223
354, 215
354, 215
315, 269
360, 205
337, 241
325, 257
325, 257
356, 212
321, 262
353, 217
353, 217
378, 170
378, 170
322, 261
322, 261
326, 256
338, 240
362, 202
219, 352
352, 219
368, 191
368, 191
323, 260
323, 260
361, 204
354, 216
376, 175
221, 351
339, 239
364, 199
356, 213
218, 353
218, 353
353, 218
344, 232
309, 277
332, 249
350, 223
369, 190
369, 190
310, 276
368, 192
368, 192
352, 220
326, 257
367, 194
322, 262
376, 176
333, 248
330, 252
377, 174
225, 349
225, 349
341, 237
222, 351
379, 170
379, 170
219, 353
219, 353
337, 243
224, 350
224, 350
367, 195
326, 258
380, 169
381, 167
344, 234
328, 256
328, 256
342, 237
222, 352
352, 222
325, 260
357, 214
329, 255
227, 349
343, 236
326, 259
326, 259
333, 250
369, 193
330, 254
311, 277
327, 258
327, 258
355, 218
226, 350
328, 257
220, 354
220, 354
307, 282
338, 244
382, 167
326, 260
309, 280
322, 265
224, 352
324, 263
324, 263
221, 354
378, 177
325, 262
325, 262
223, 353
223, 353
223, 353
333, 252
389, 152
389, 152
330, 256
339, 244
228, 350
382, 169
378, 178
383, 167
222, 354
222, 354
328, 259
227, 351
332, 254
333, 253
390, 151
390, 151
326, 262
326, 262
369, 197
352, 226
310, 281
331, 256
311, 280
220, 356
382, 171
382, 171
324, 265
372, 192
332, 255
222, 355
325, 264
325, 264
384, 167
315, 276
357, 219
346, 236
227, 352
334, 253
334, 253
221, 356
340, 245
372, 193
226, 353
353, 226
353, 226
353, 226
335, 252
324, 266
324, 266
325, 265
225, 354
354, 225
315, 277
384, 169
222, 356
327, 263
340, 246
227, 353
355, 224
386, 165
383, 172
383, 172
387, 163
313, 280
372, 195
372, 195
380, 179
380, 179
388, 161
392, 151
392, 151
382, 175
382, 175
358, 220
316, 277
228, 353
391, 154
391, 154
225, 355
355, 225
374, 192
335, 254
328, 263
388, 162
324, 268
324, 268
380, 180
230, 352
311, 283
319, 274
354, 227
381, 178
382, 176
325, 267
325, 267
325, 267
389, 160
393, 150
393, 150
383, 174
383, 174
374, 193
317, 277
389, 161
341, 247
228, 354
387, 166
225, 356
311, 284
390, 159
390, 159
312, 283
385, 171
385, 171
320, 274
320, 274
373, 196
373, 196
373, 196
326, 267
326, 267
322, 272
327, 266
348, 238
385, 172
377, 189
378, 187
376, 191
376, 191
368, 206
386, 170
386, 170
374, 195
374, 195
336, 255
381, 181
381, 181
329, 264
342, 247
360, 220
355, 228
355, 228
394, 151
394, 151
313, 283
225, 357
225, 357
321, 274
391, 159
369, 205
322, 273
378, 188
377, 190
316, 280
380, 184
356, 227
368, 207
361, 219
224, 358
224, 358
394, 152
336, 256
349, 238
329, 265
329, 265
226, 357
389, 165
313, 284
380, 185
380, 185
387, 170
387, 170
382, 181
315, 282
393, 156
393, 156
393, 156
391, 161
395, 151
395, 151
389, 166
389, 166
394, 154
324, 272
357, 227
377, 192
380, 186
329, 266
381, 184
393, 157
388, 169
354, 232
354, 232
343, 248
326, 270
229, 356
226, 358
394, 155
315, 283
396, 150
344, 247
355, 231
355, 231
357, 228
383, 181
342, 250
324, 273
396, 151
337, 257
363, 219
395, 154
224, 360
382, 184
388, 171
376, 196
383, 182
328, 269
390, 167
390, 167
364, 218
397, 150
379, 191
382, 185
376, 197
330, 267
389, 170
338, 257
338, 257
230, 357
357, 230
327, 271
327, 271
327, 271
391, 166
391, 166
328, 270
328, 270
381, 188
382, 186
354, 235
354, 235
370, 209
229, 358
366, 216
318, 282
346, 247
365, 218
223, 362
351, 240
331, 267
331, 267
378, 195
377, 197
384, 183
339, 257
385, 181
366, 217
369, 212
391, 168
391, 168
330, 269
319, 282
385, 182
326, 274
326, 274
370, 211
327, 273
327, 273
398, 152
388, 176
369, 213
228, 360
382, 189
382, 189
380, 193
380, 193
399, 150
317, 285
355, 236
355, 236
357, 233
351, 242
230, 359
326, 275
331, 269
331, 269
373, 207
229, 360
332, 268
332, 268
372, 209
226, 362
226, 362
226, 362
340, 258
355, 237
262, 337
228, 361
399, 152
261, 338
225, 363
225, 363
382, 191
382, 191
384, 187
379, 197
391, 172
372, 210
378, 199
378, 199
320, 283
311, 293
389, 177
355, 238
340, 259
381, 194
400, 151
373, 209
334, 267
341, 258
379, 198
379, 198
317, 287
223, 365
223, 365
342, 257
342, 257
328, 275
230, 361
386, 185
333, 269
227, 363
227, 363
372, 212
356, 238
375, 207
229, 362
374, 209
382, 194
339, 262
386, 186
357, 237
225, 365
225, 365
356, 239
375, 208
375, 208
382, 195
227, 364
318, 288
357, 238
357, 238
378, 203
378, 203
224, 366
224, 366
377, 205
376, 207
376, 207
375, 209
328, 277
398, 161
312, 295
312, 295
231, 362
313, 294
313, 294
329, 276
329, 276
329, 276
373, 213
373, 213
330, 275
377, 206
335, 269
318, 289
398, 162
227, 365
341, 262
373, 214
377, 207
231, 363
231, 363
381, 200
380, 202
228, 365
374, 213
379, 204
379, 204
358, 239
230, 364
230, 364
382, 199
381, 201
381, 201
375, 212
380, 203
380, 203
330, 277
325, 283
399, 163
336, 270
336, 270
326, 282
319, 290
394, 175
382, 200
337, 269
344, 260
381, 202
380, 204
399, 164
374, 215
345, 259
312, 298
312, 298
330, 278
394, 176
373, 217
336, 271
336, 271
318, 292
319, 291
319, 291
327, 282
350, 253
374, 216
231, 365
329, 280
346, 259
331, 278
344, 262
389, 189
320, 291
373, 219
338, 270
406, 150
313, 299
313, 299
389, 190
332, 278
332, 278
350, 255
337, 272
337, 272
230, 367
230, 367
250, 354
339, 270
384, 201
352, 253
377, 214
406, 152
331, 280
340, 269
234, 365
314, 299
315, 298
273, 337
341, 268
327, 285
248, 356
328, 284
384, 202
321, 292
230, 368
329, 283
401, 166
330, 282
396, 178
406, 154
337, 274
337, 274
333, 279
333, 279
377, 216
252, 354
252, 354
329, 284
339, 272
335, 277
401, 168
340, 271
331, 282
374, 222
402, 166
326, 288
351, 257
333, 280
397, 178
327, 287
274, 338
352, 256
249, 357
375, 221
408, 152
340, 272
336, 277
325, 290
391, 192
313, 303
326, 289
338, 275
338, 275
403, 166
378, 217
253, 355
253, 355
364, 240
324, 292
325, 291
365, 239
409, 152
398, 179
317, 300
408, 155
334, 281
391, 194
339, 275
405, 163
347, 265
376, 222
340, 274
379, 217
406, 161
323, 294
331, 285
398, 180
332, 284
405, 164
407, 159
403, 169
314, 304
364, 242
406, 162
408, 157
318, 300
379, 218
335, 281
410, 152
407, 160
407, 160
393, 192
408, 158
408, 158
410, 153
333, 284
407, 161
379, 219
409, 156
409, 156
408, 159
342, 274
393, 194
410, 155
396, 188
350, 264
314, 306
405, 168
365, 243
374, 229
411, 153
319, 301
351, 263
336, 282
331, 288
396, 189
350, 265
367, 241
411, 155
283, 336
320, 301
378, 224
378, 224
400, 182
323, 298
323, 298
412, 153
412, 153
401, 180
401, 180
281, 338
377, 226
367, 242
333, 287
343, 275
379, 223
315, 307
378, 225
284, 336
381, 220
413, 152
413, 152
332, 289
389, 206
400, 184
344, 275
381, 221
315, 308
316, 307
389, 207
389, 207
321, 302
350, 268
402, 181
402, 181
324, 299
381, 222
403, 179
368, 243
389, 208
413, 155
413, 155
262, 355
262, 355
376, 231
317, 307
285, 337
403, 180
403, 180
320, 304
350, 269
324, 300
283, 339
351, 268
377, 230
414, 154
414, 154
415, 152
412, 160
390, 208
384, 219
321, 304
409, 168
383, 221
413, 158
404, 180
404, 180
325, 300
405, 178
352, 268
391, 207
289, 335
384, 220
384, 220
263, 356
263, 356
263, 356
316, 310
383, 222
405, 179
262, 357
262, 357
391, 208
325, 301
284, 340
352, 269
326, 300
384, 221
412, 163
410, 168
327, 299
388, 214
383, 223
387, 216
346, 277
329, 297
413, 161
413, 161
413, 161
412, 164
410, 169
414, 159
378, 232
323, 304
388, 215
352, 270
413, 162
285, 340
387, 217
412, 165
412, 165
328, 299
290, 336
290, 336
414, 160
414, 160
390, 212
404, 184
289, 337
330, 297
347, 277
413, 163
378, 233
316, 312
316, 312
263, 358
352, 271
323, 305
403, 187
324, 304
404, 185
404, 185
390, 213
266, 356
285, 341
291, 336
417, 154
417, 154
284, 342
378, 234
393, 208
393, 208
412, 168
410, 173
325, 304
353, 271
413, 166
387, 220
391, 213
412, 169
410, 174
379, 234
379, 234
317, 313
317, 313
349, 277
349, 277
345, 282
323, 307
323, 307
353, 272
405, 186
325, 305
350, 276
350, 276
346, 281
391, 214
386, 223
418, 155
418, 155
413, 168
385, 225
285, 343
394, 209
394, 209
416, 161
284, 344
405, 187
290, 339
332, 298
317, 314
349, 278
289, 340
353, 273
353, 273
380, 234
380, 234
268, 357
268, 357
403, 192
389, 219
416, 162
326, 305
326, 305
412, 172
412, 172
347, 281
388, 221
384, 228
381, 233
415, 165
267, 358
267, 358
292, 338
338, 292
380, 235
345, 284
290, 340
415, 166
350, 278
289, 341
289, 341
406, 187
324, 308
324, 308
387, 224
387, 224
327, 305
403, 194
293, 338
389, 221
394, 212
406, 188
339, 292
345, 285
340, 291
350, 279
350, 279
334, 298
284, 346
346, 284
381, 235
354, 274
354, 274
387, 225
387, 225
417, 163
283, 347
413, 173
390, 220
390, 220
405, 191
326, 307
327, 306
327, 306
389, 222
352, 277
268, 359
344, 287
272, 356
272, 356
417, 164
345, 286
391, 219
413, 174
292, 340
271, 357
271, 357
350, 280
354, 275
354, 275
390, 221
390, 221
341, 291
378, 241
290, 342
290, 342
347, 284
415, 170
352, 278
269, 359
344, 288
391, 220
294, 339
294, 339
407, 189
345, 287
415, 171
415, 171
389, 224
380, 239
351, 280
401, 202
318, 317
382, 236
382, 236
388, 226
388, 226
388, 226
320, 315
335, 299
347, 285
291, 342
275, 355
275, 355
405, 194
414, 174
406, 192
406, 192
384, 233
284, 348
274, 356
274, 356
389, 225
389, 225
269, 360
403, 199
414, 175
414, 175
293, 341
293, 341
268, 361
351, 281
351, 281
391, 222
391, 222
408, 189
355, 276
355, 276
347, 286
384, 234
335, 300
321, 315
322, 314
324, 312
271, 359
414, 176
383, 236
383, 236
403, 200
378, 244
290, 344
405, 196
284, 349
406, 194
407, 192
407, 192
408, 190
408, 190
416, 172
416, 172
346, 288
273, 358
351, 282
355, 277
355, 277
402, 203
406, 195
406, 195
272, 359
272, 359
281, 352
268, 362
318, 319
336, 300
323, 314
408, 191
423, 155
423, 155
385, 234
327, 310
271, 360
382, 239
290, 345
290, 345
279, 354
279, 354
379, 244
415, 176
415, 176
404, 200
405, 198
274, 358
278, 355
278, 355
273, 359
273, 359
352, 282
388, 230
380, 243
404, 201
403, 203
326, 312
326, 312
384, 237
384, 237
299, 338
299, 338
327, 311
327, 311
416, 175
416, 175
408, 193
280, 354
298, 339
298, 339
381, 242
330, 308
420, 166
352, 283
382, 241
356, 278
356, 278
406, 198
407, 196
384, 238
424, 156
424, 156
269, 363
409, 192
319, 320
301, 337
337, 301
293, 344
324, 315
381, 243
386, 235
386, 235
420, 167
328, 311
388, 232
330, 309
291, 346
291, 346
391, 227
331, 308
406, 199
407, 197
332, 307
271, 362
271, 362
297, 341
352, 284
356, 279
356, 279
270, 363
295, 343
295, 343
274, 360
274, 360
294, 344
294, 344
337, 302
319, 321
388, 233
354, 282
338, 301
273, 361
325, 315
326, 314
300, 339
300, 339
420, 169
420, 169
330, 310
332, 308
291, 347
352, 285
333, 307
389, 232
334, 306
417, 177
391, 229
410, 193
337, 303
326, 315
293, 346
417, 178
332, 309
272, 363
391, 230
426, 156
353, 285
357, 280
357, 280
297, 343
335, 306
417, 179
422, 167
337, 304
405, 205
405, 205
302, 339
302, 339
421, 170
421, 170
421, 170
346, 294
411, 193
411, 193
340, 301
331, 311
331, 311
399, 217
422, 168
332, 310
299, 342
353, 286
353, 286
357, 281
357, 281
406, 204
406, 204
291, 349
422, 169
422, 169
427, 156
355, 284
399, 218
418, 179
418, 179
393, 229
293, 348
353, 287
427, 157
427, 157
333, 310
412, 193
336, 307
425, 163
337, 306
355, 285
355, 285
338, 305
427, 158
411, 196
411, 196
321, 323
412, 194
412, 194
303, 340
303, 340
347, 295
341, 302
423, 169
423, 169
425, 164
425, 164
348, 294
419, 179
293, 349
334, 310
354, 287
358, 282
335, 309
412, 195
412, 195
425, 165
425, 165
427, 160
419, 180
419, 180
328, 317
341, 303
428, 158
302, 342
333, 312
294, 349
349, 294
427, 161
427, 161
358, 283
354, 288
354, 288
419, 181
335, 310
335, 310
300, 344
424, 169
336, 309
416, 188
428, 159
338, 307
356, 286
356, 286
356, 286
427, 162
357, 285
424, 170
415, 191
415, 191
328, 318
416, 189
416, 189
428, 160
354, 289
418, 185
359, 283
426, 166
356, 287
388, 242
416, 190
420, 181
401, 220
421, 179
418, 186
418, 186
342, 304
330, 317
331, 316
331, 316
414, 195
302, 344
355, 289
388, 243
336, 311
294, 351
360, 283
360, 283
418, 187
419, 185
415, 194
430, 158
425, 171
425, 171
425, 171
416, 192
325, 323
429, 161
329, 319
343, 304
355, 290
303, 344
429, 162
426, 170
283, 361
324, 325
420, 185
405, 216
355, 291
332, 317
332, 317
281, 363
333, 316
403, 220
430, 161
430, 161
303, 345
303, 345
389, 244
312, 337
302, 346
429, 164
410, 207
409, 209
284, 361
361, 284
361, 284
420, 186
415, 197
428, 167
355, 292
282, 363
411, 206
411, 206
305, 344
344, 305
428, 168
428, 168
335, 315
336, 314
417, 194
285, 361
405, 218
427, 171
338, 312
429, 166
403, 222
301, 348
301, 348
300, 349
300, 349
415, 199
416, 197
417, 195
429, 167
425, 177
356, 292
356, 292
431, 162
333, 318
345, 305
357, 291
357, 291
304, 346
337, 314
338, 313
409, 212
427, 173
312, 339
311, 340
423, 183
363, 284
363, 284
424, 181
356, 293
411, 209
429, 169
332, 320
333, 319
333, 319
282, 365
282, 365
423, 184
419, 193
286, 362
314, 338
314, 338
358, 291
420, 191
313, 339
424, 182
312, 340
411, 210
417, 198
356, 294
356, 294
324, 329
420, 192
288, 361
427, 176
412, 209
412, 209
415, 203
415, 203
428, 174
286, 363
364, 285
364, 285
413, 208
289, 361
324, 330
410, 214
429, 173
288, 362
358, 293
420, 194
413, 209
286, 364
399, 235
310, 344
357, 295
357, 295
428, 177
428, 177
325, 330
347, 307
414, 208
416, 204
416, 204
416, 204
412, 212
428, 178
399, 236
286, 365
286, 365
311, 344
357, 296
415, 207
417, 203
417, 203
412, 213
284, 367
284, 367
284, 367
396, 242
288, 364
288, 364
288, 364
293, 360
360, 293
416, 206
413, 212
412, 214
412, 214
395, 244
287, 365
287, 365
358, 296
329, 328
327, 330
396, 243
416, 207
359, 295
349, 307
284, 368
429, 179
400, 237
293, 361
361, 293
361, 293
414, 212
418, 204
419, 202
312, 345
412, 216
412, 216
328, 330
330, 328
360, 295
360, 295
400, 238
289, 365
289, 365
414, 213
419, 203
413, 215
413, 215
420, 201
314, 344
313, 345
312, 346
403, 234
403, 234
412, 218
290, 365
294, 362
362, 294
362, 294
427, 188
412, 219
361, 296
361, 296
415, 214
427, 189
295, 362
422, 200
289, 367
404, 235
404, 235
415, 215
332, 329
413, 219
291, 366
402, 239
290, 367
404, 236
413, 220
412, 222
402, 240
402, 240
338, 324
416, 215
428, 190
415, 217
423, 201
423, 201
363, 296
363, 296
345, 317
410, 227
416, 216
416, 216
416, 216
423, 202
429, 189
339, 324
292, 367
423, 203
345, 318
345, 318
409, 230
415, 219
346, 317
414, 221
414, 221
414, 221
404, 239
373, 285
373, 285
335, 329
403, 241
403, 241
374, 284
374, 284
410, 229
415, 220
415, 220
409, 231
402, 243
414, 222
364, 297
364, 297
345, 319
404, 240
347, 317
411, 228
411, 228
403, 242
417, 217
367, 294
328, 337
328, 337
327, 338
327, 338
412, 227
412, 227
321, 344
417, 218
415, 222
415, 222
347, 318
402, 245
362, 301
412, 228
336, 330
322, 344
321, 345
321, 345
320, 346
346, 320
430, 193
416, 222
416, 222
363, 301
345, 322
417, 221
346, 321
416, 223
416, 223
406, 241
369, 295
341, 327
416, 224
415, 226
344, 324
322, 346
406, 242
414, 229
345, 324
345, 324
405, 245
417, 224
414, 230
414, 230
406, 244
406, 244
417, 225
417, 225
416, 227
416, 227
416, 227
407, 243
414, 231
418, 224
417, 226
417, 226
416, 228
416, 228
341, 330
420, 221
346, 325
321, 350
321, 350
415, 231
320, 351
320, 351
407, 245
420, 222
345, 327
347, 325
421, 221
421, 221
420, 223
417, 229
417, 229
428, 208
343, 330
347, 326
422, 221
344, 330
346, 328
346, 328
429, 208
429, 208
347, 327
347, 327
422, 222
326, 348
348, 326
426, 215
425, 217
424, 219
424, 219
430, 207
422, 223
345, 330
347, 328
427, 214
428, 212
426, 216
425, 218
417, 233
428, 213
427, 215
430, 209
417, 234
430, 210
425, 220
425, 220
428, 215
430, 211
425, 221
418, 234
418, 234
314, 362
314, 362
428, 216
337, 341
424, 224
429, 215
419, 234
424, 225
419, 235
419, 235
315, 363
315, 363
429, 217
429, 217
341, 339
426, 223
343, 337
343, 337
425, 225
419, 236
346, 334
334, 346
334, 346
380, 295
380, 295
416, 242
426, 224
426, 224
379, 297
379, 297
344, 337
346, 335
346, 335
428, 221
420, 236
426, 225
416, 243
425, 227
418, 240
429, 220
429, 220
428, 222
428, 222
343, 339
339, 343
339, 343
344, 338
338, 344
338, 344
416, 244
335, 347
335, 347
348, 334
419, 239
419, 239
381, 296
381, 296
418, 241
421, 236
380, 298
380, 298
344, 339
347, 336
347, 336
347, 336
348, 335
348, 335
423, 234
429, 223
429, 223
340, 344
340, 344
420, 240
420, 240
425, 232
425, 232
344, 341
423, 236
418, 245
424, 235
424, 235
428, 228
347, 339
347, 339
429, 227
429, 227
426, 233
426, 233
343, 344
343, 344
423, 239
419, 246
419, 246
420, 245
428, 231
347, 341
347, 341
348, 340
348, 340
420, 246
344, 345
429, 232
344, 347
344, 347
347, 346
345, 348
345, 348
343, 350
347, 347
344, 350
427, 243
401, 284
401, 284
427, 244
402, 285
402, 285
428, 245
429, 244
339, 363
408, 285
408, 285
409, 286
409, 286
414, 296
414, 296
413, 298
413, 298
415, 297
415, 297
414, 299
414, 299
427, 286
427, 286
428, 285
429, 284
429, 285
431, 285
424, 297
424, 297
425, 296
425, 296
427, 296
425, 299
430, 295
430, 295
426, 301
431, 294
431, 294
427, 301
430, 297
430, 298
