28, 8
28, 8
29, 6
29, 7
30, 1
30, 2
30, 5
27, 14
27, 14
30, 6
28, 13
28, 13
31, 0
31, 1
30, 10
30, 10
31, 8
31, 8
32, 3
26, 19
32, 4
31, 9
31, 9
27, 18
29, 15
25, 21
32, 7
32, 7
26, 20
26, 20
33, 0
27, 19
33, 2
30, 14
29, 16
33, 3
25, 22
26, 21
30, 15
28, 21
28, 21
29, 20
29, 20
27, 23
27, 23
28, 22
28, 22
25, 27
25, 27
24, 28
24, 28
27, 29
27, 29
26, 30
26, 30
38, 14
39, 11
39, 11
36, 19
36, 19
37, 17
37, 17
24, 33
24, 33
38, 15
23, 34
23, 34
39, 13
37, 18
37, 18
38, 16
38, 16
38, 16
35, 22
39, 14
41, 7
36, 21
35, 23
41, 9
41, 9
36, 22
42, 4
34, 25
34, 25
42, 6
35, 24
35, 24
35, 24
39, 17
39, 17
39, 17
33, 27
33, 27
41, 12
41, 12
23, 36
23, 36
34, 26
34, 26
38, 20
38, 20
22, 37
22, 37
40, 16
42, 10
42, 10
41, 14
39, 19
39, 19
42, 11
42, 11
43, 8
36, 25
36, 25
36, 25
32, 30
38, 22
43, 9
33, 29
44, 0
44, 2
44, 2
37, 24
44, 5
26, 36
26, 36
44, 7
32, 31
31, 32
31, 32
33, 30
25, 37
25, 37
35, 28
35, 28
36, 27
36, 27
45, 3
45, 3
45, 4
25, 38
25, 38
41, 20
42, 18
42, 18
24, 39
24, 39
44, 13
43, 16
43, 16
46, 1
46, 1
31, 34
46, 2
46, 2
41, 21
42, 19
30, 35
40, 23
40, 23
44, 14
43, 17
43, 17
45, 11
39, 25
39, 25
45, 11
44, 15
44, 15
42, 20
41, 22
41, 22
45, 12
38, 27
40, 24
40, 24
33, 33
46, 8
34, 32
35, 31
31, 35
35, 31
45, 13
30, 36
39, 26
46, 9
47, 0
46, 10
46, 10
38, 28
47, 6
33, 34
34, 33
39, 27
47, 7
47, 7
47, 8
48, 5
37, 31
37, 31
48, 6
38, 30
38, 30
30, 38
29, 39
36, 33
36, 33
33, 36
33, 36
37, 32
37, 32
32, 37
32, 37
49, 2
49, 3
49, 4
49, 4
22, 44
22, 44
30, 39
29, 40
29, 40
28, 41
21, 45
21, 45
50, 0
50, 1
50, 2
36, 35
35, 36
29, 41
28, 42
36, 36
35, 37
32, 40
32, 40
31, 41
31, 41
28, 44
28, 44
31, 42
31, 42
30, 43
30, 43
27, 45
27, 45
24, 47
24, 47
23, 48
23, 48
35, 41
35, 41
34, 42
34, 42
30, 45
27, 47
29, 46
26, 48
34, 43
34, 43
30, 46
33, 44
33, 44
27, 48
21, 51
21, 51
29, 47
26, 49
20, 52
20, 52
26, 50
26, 50
25, 51
25, 51
29, 49
29, 49
28, 50
28, 50
33, 47
33, 47
32, 48
32, 48
23, 53
23, 53
28, 51
28, 51
22, 54
22, 54
20, 55
20, 55
27, 52
27, 52
19, 56
19, 56
25, 54
25, 54
24, 55
24, 55
32, 51
32, 51
31, 52
31, 52
27, 55
27, 55
26, 56
26, 56
22, 58
22, 58
21, 59
21, 59
63, 0
31, 55
31, 55
30, 56
30, 56
24, 59
62, 18
62, 18
65, 4
65, 4
63, 17
63, 17
26, 60
26, 60
25, 61
66, 1
66, 1
66, 3
66, 3
30, 59
30, 59
24, 62
29, 60
29, 60
25, 62
67, 0
24, 63
19, 65
19, 65
68, 5
67, 13
68, 6
64, 24
64, 24
18, 66
18, 66
67, 14
65, 23
65, 23
69, 1
69, 1
68, 12
69, 4
69, 5
68, 13
21, 66
21, 66
24, 65
29, 63
29, 63
67, 19
67, 19
28, 64
28, 64
23, 66
70, 0
70, 0
24, 66
64, 29
64, 29
70, 7
70, 7
22, 67
22, 67
22, 67
69, 16
69, 16
68, 20
68, 20
66, 26
71, 1
71, 1
71, 1
71, 6
71, 6
66, 27
69, 18
65, 30
65, 30
70, 15
70, 15
72, 0
62, 37
62, 37
65, 32
22, 70
22, 70
67, 30
63, 38
63, 38
67, 31
68, 29
21, 71
21, 71
68, 30
28, 69
28, 69
27, 70
27, 70
66, 38
66, 38
67, 37
67, 37
21, 74
21, 74
20, 75
20, 75
18, 76
18, 76
17, 77
17, 77
65, 47
65, 47
66, 46
66, 46
27, 76
27, 76
26, 77
26, 77
63, 53
20, 80
20, 80
17, 81
17, 81
63, 54
26, 79
26, 79
19, 81
19, 81
16, 82
16, 82
64, 54
64, 54
25, 80
25, 80
65, 53
65, 53
28, 80
64, 58
66, 56
28, 82
16, 86
66, 58
15, 87
16, 87
15, 88
15, 89
15, 89
79, 44
89, 16
89, 16
88, 22
90, 13
90, 13
88, 23
14, 90
14, 90
91, 5
91, 5
90, 15
90, 15
86, 31
86, 31
89, 21
89, 22
87, 29
87, 29
91, 12
91, 12
85, 35
92, 0
87, 30
87, 30
92, 4
92, 4
85, 36
88, 28
88, 28
86, 34
17, 91
84, 39
91, 18
91, 18
86, 35
83, 42
83, 42
84, 40
14, 92
14, 92
85, 38
90, 24
90, 24
92, 15
92, 15
93, 7
93, 7
84, 41
84, 41
85, 39
82, 45
82, 45
17, 92
92, 17
92, 17
91, 23
91, 23
13, 93
13, 93
83, 44
83, 44
88, 33
88, 33
94, 0
93, 14
93, 14
81, 48
81, 48
94, 6
94, 6
89, 31
89, 31
80, 50
80, 50
82, 47
82, 47
87, 37
87, 37
89, 32
89, 32
81, 49
81, 49
90, 30
90, 30
88, 36
88, 36
79, 53
79, 53
85, 43
85, 43
86, 41
86, 41
80, 52
80, 52
86, 42
86, 42
87, 40
87, 40
84, 46
78, 56
78, 56
15, 95
85, 45
84, 47
79, 55
79, 55
77, 58
77, 58
82, 51
78, 57
78, 57
78, 57
85, 46
83, 50
82, 52
84, 49
84, 49
81, 54
81, 54
83, 51
76, 61
77, 60
82, 53
82, 53
13, 97
13, 97
81, 55
81, 55
75, 63
79, 58
79, 58
76, 62
76, 62
15, 97
15, 97
77, 61
73, 66
74, 65
75, 64
79, 59
76, 63
12, 98
12, 98
72, 68
73, 67
85, 51
85, 51
16, 98
16, 98
82, 56
82, 56
88, 46
88, 46
84, 53
87, 48
87, 48
83, 55
85, 52
85, 52
71, 70
72, 69
90, 43
90, 43
88, 47
88, 47
91, 41
91, 41
87, 49
87, 49
75, 66
92, 39
92, 39
93, 37
90, 44
90, 44
91, 42
91, 42
78, 63
94, 35
92, 40
92, 40
93, 38
94, 36
94, 36
76, 66
12, 100
12, 100
78, 64
78, 64
95, 34
14, 100
94, 37
82, 59
79, 63
79, 63
96, 32
96, 32
75, 68
97, 29
95, 35
85, 55
87, 52
84, 57
96, 33
96, 33
78, 65
97, 30
90, 47
86, 54
89, 49
89, 49
11, 101
11, 101
82, 60
82, 60
88, 51
85, 56
80, 63
97, 31
97, 31
74, 70
87, 53
75, 69
98, 28
91, 46
92, 44
90, 48
93, 42
84, 58
86, 55
89, 50
89, 50
99, 25
25, 99
25, 99
82, 61
98, 29
98, 29
88, 52
99, 26
100, 22
100, 22
92, 45
91, 47
93, 43
93, 43
94, 41
99, 27
99, 27
95, 39
95, 39
100, 24
24, 100
24, 100
93, 44
96, 37
96, 37
14, 102
14, 102
94, 42
95, 40
100, 25
95, 40
97, 35
97, 35
96, 38
96, 38
98, 33
99, 30
99, 30
97, 36
97, 36
102, 18
102, 18
98, 34
99, 31
13, 103
13, 103
102, 20
102, 20
99, 32
100, 29
99, 33
100, 30
101, 27
101, 27
102, 23
11, 104
11, 104
102, 24
101, 28
101, 28
60, 86
62, 85
104, 16
102, 26
102, 26
103, 22
10, 105
10, 105
103, 23
24, 103
24, 103
104, 20
101, 32
106, 0
102, 31
13, 106
101, 35
25, 104
25, 104
103, 31
12, 107
13, 107
108, 0
102, 36
102, 36
10, 108
12, 108
103, 35
103, 35
9, 109
10, 109
102, 41
104, 36
104, 36
62, 91
102, 42
9, 110
60, 93
60, 93
62, 92
16, 110
16, 110
103, 42
104, 40
63, 92
103, 43
61, 94
61, 94
17, 111
17, 111
63, 93
9, 112
9, 112
12, 112
12, 112
112, 12
61, 95
61, 95
63, 94
63, 94
103, 47
103, 47
8, 113
8, 113
11, 113
11, 113
111, 26
111, 27
62, 96
62, 96
114, 8
114, 9
11, 114
11, 114
114, 11
104, 48
104, 48
112, 24
64, 95
64, 95
112, 25
112, 25
104, 49
112, 26
10, 115
10, 115
113, 24
19, 114
19, 114
110, 36
110, 36
114, 22
114, 23
114, 23
116, 9
111, 35
111, 35
113, 28
20, 115
20, 115
8, 117
8, 117
115, 23
115, 24
110, 42
110, 42
64, 99
116, 21
116, 21
7, 118
7, 118
62, 101
62, 101
64, 100
112, 40
112, 40
106, 54
106, 54
111, 43
111, 43
111, 43
117, 22
117, 22
65, 100
10, 119
108, 51
113, 39
113, 39
112, 42
112, 42
115, 33
115, 33
63, 102
63, 102
65, 101
17, 119
17, 119
107, 55
107, 55
9, 120
10, 120
117, 30
117, 30
116, 34
116, 34
22, 119
116, 35
116, 35
109, 53
9, 121
18, 120
18, 120
107, 58
107, 58
22, 120
118, 31
118, 31
7, 122
7, 122
117, 36
117, 36
118, 33
118, 33
110, 54
110, 54
110, 54
111, 53
111, 53
108, 59
108, 59
6, 123
6, 123
63, 106
63, 106
65, 105
65, 105
25, 121
25, 121
119, 34
119, 34
64, 107
64, 107
26, 122
26, 122
66, 106
117, 44
117, 44
9, 125
9, 125
64, 108
64, 108
20, 124
20, 124
66, 107
6, 126
6, 126
119, 42
67, 107
8, 126
8, 126
118, 45
118, 45
119, 43
21, 125
21, 125
65, 109
65, 109
67, 108
5, 127
5, 127
120, 43
26, 125
26, 125
120, 44
27, 126
27, 126
129, 3
129, 3
8, 129
8, 129
108, 71
118, 53
118, 53
129, 11
65, 112
67, 111
67, 111
129, 13
108, 72
110, 69
110, 69
130, 1
130, 1
130, 2
130, 2
7, 130
7, 130
18, 129
18, 129
65, 113
120, 51
120, 51
130, 12
109, 72
119, 54
119, 54
126, 35
126, 35
66, 113
131, 0
131, 0
68, 112
68, 112
131, 5
119, 55
119, 55
109, 73
127, 33
111, 70
111, 70
19, 130
19, 130
127, 34
127, 34
121, 52
121, 52
66, 114
132, 1
5, 132
5, 132
121, 53
121, 53
131, 17
131, 17
132, 7
132, 7
109, 75
120, 56
120, 56
66, 115
66, 115
68, 114
68, 114
109, 76
132, 16
132, 16
4, 133
4, 133
133, 5
133, 6
133, 6
129, 33
122, 54
122, 54
92, 97
110, 76
128, 39
128, 39
67, 116
67, 116
131, 28
111, 75
134, 0
134, 2
69, 115
69, 115
7, 134
7, 134
134, 8
134, 8
133, 19
133, 19
94, 96
129, 38
129, 38
111, 76
21, 133
21, 133
27, 132
27, 132
67, 117
69, 116
69, 116
135, 5
135, 5
6, 135
6, 135
135, 7
135, 7
134, 18
134, 18
120, 63
120, 63
67, 118
22, 134
22, 134
28, 133
28, 133
136, 0
136, 4
136, 4
133, 29
125, 54
125, 54
68, 118
70, 117
70, 117
122, 61
122, 61
94, 99
94, 99
92, 101
92, 101
126, 53
126, 53
121, 64
121, 64
68, 119
123, 62
123, 62
130, 46
95, 100
95, 100
93, 102
93, 102
4, 138
4, 138
121, 67
121, 67
131, 45
130, 48
22, 137
22, 137
93, 103
68, 121
68, 121
70, 120
70, 120
3, 139
3, 139
125, 61
125, 61
127, 57
127, 57
19, 138
19, 138
95, 102
95, 102
123, 66
122, 68
122, 68
128, 56
128, 56
132, 46
28, 137
28, 137
131, 49
131, 49
23, 138
23, 138
69, 122
69, 122
71, 121
71, 121
126, 62
126, 62
20, 139
20, 139
125, 64
125, 64
132, 48
132, 48
127, 60
122, 70
96, 103
96, 103
126, 63
126, 63
94, 105
131, 52
29, 138
29, 138
69, 123
69, 123
122, 71
131, 53
124, 68
133, 49
133, 49
126, 65
126, 65
124, 69
124, 69
71, 123
71, 123
123, 71
6, 142
6, 142
132, 53
70, 124
70, 124
20, 141
20, 141
133, 51
133, 51
123, 72
132, 54
3, 143
3, 143
5, 143
5, 143
126, 68
125, 70
125, 70
132, 56
132, 56
21, 142
21, 142
123, 74
134, 52
134, 52
2, 144
2, 144
70, 126
134, 54
133, 57
133, 57
73, 125
23, 143
134, 55
124, 75
29, 142
29, 142
133, 58
133, 58
125, 74
71, 127
135, 55
23, 144
24, 144
5, 146
5, 146
30, 143
30, 143
135, 56
134, 59
134, 59
122, 81
135, 57
135, 57
123, 80
96, 111
96, 111
24, 145
94, 113
94, 113
4, 147
4, 147
134, 61
73, 128
21, 146
134, 62
136, 58
136, 58
71, 130
97, 112
97, 112
95, 114
95, 114
21, 147
135, 62
22, 147
136, 60
136, 60
122, 85
74, 129
135, 63
2, 149
2, 149
121, 87
30, 146
30, 146
124, 83
77, 128
135, 64
135, 64
125, 82
74, 130
22, 148
78, 128
137, 61
137, 61
1, 150
1, 150
123, 86
123, 86
31, 147
31, 147
124, 85
136, 65
136, 65
137, 63
137, 63
73, 132
24, 149
75, 131
136, 66
136, 66
120, 92
121, 91
95, 118
95, 118
75, 132
120, 93
24, 150
121, 92
25, 150
138, 64
138, 64
137, 67
137, 67
138, 65
138, 65
73, 134
97, 118
97, 118
96, 119
96, 119
25, 151
31, 150
31, 150
76, 133
137, 69
22, 152
22, 152
147, 45
147, 45
137, 70
139, 66
139, 66
74, 135
122, 94
122, 94
25, 152
25, 152
4, 154
4, 154
148, 43
98, 119
123, 93
123, 93
149, 40
147, 47
32, 151
32, 151
148, 44
148, 44
23, 153
23, 153
138, 70
139, 68
139, 68
76, 135
148, 46
148, 46
3, 155
3, 155
138, 71
26, 153
26, 153
119, 100
119, 100
120, 99
120, 99
138, 72
138, 72
98, 121
74, 137
96, 123
155, 18
155, 18
140, 69
140, 69
77, 136
140, 70
149, 48
149, 48
150, 45
156, 14
156, 14
118, 103
118, 103
23, 155
23, 155
119, 102
119, 102
150, 46
156, 17
156, 17
140, 71
139, 73
157, 2
157, 2
75, 138
99, 122
77, 137
150, 47
150, 47
32, 154
32, 154
97, 124
139, 74
157, 13
157, 13
24, 156
24, 156
141, 71
75, 139
158, 0
158, 1
158, 1
151, 47
26, 156
155, 32
141, 72
140, 74
151, 48
155, 33
33, 155
33, 155
78, 138
157, 22
157, 22
140, 75
149, 55
149, 55
121, 103
121, 103
158, 18
158, 18
122, 102
122, 102
159, 4
159, 4
26, 157
76, 140
140, 76
27, 157
78, 139
158, 21
158, 21
156, 33
120, 105
120, 105
121, 104
121, 104
142, 73
142, 73
140, 77
159, 17
159, 17
160, 0
160, 3
160, 3
151, 53
150, 56
150, 56
76, 141
157, 32
27, 158
151, 54
157, 33
33, 157
142, 75
142, 75
117, 110
117, 110
118, 109
118, 109
141, 77
79, 140
24, 159
24, 159
150, 58
150, 58
1, 161
141, 78
152, 54
33, 158
77, 142
34, 158
152, 55
25, 160
25, 160
143, 76
143, 76
162, 4
151, 59
151, 59
152, 57
152, 57
143, 77
143, 77
79, 142
142, 79
142, 79
34, 159
99, 129
119, 111
120, 110
142, 80
163, 0
97, 131
163, 3
163, 4
151, 62
151, 62
27, 161
27, 161
77, 144
119, 112
120, 111
142, 81
153, 58
153, 58
144, 78
144, 78
35, 160
35, 160
80, 143
100, 130
116, 116
117, 115
144, 79
144, 79
153, 60
143, 81
98, 132
28, 162
28, 162
152, 63
152, 63
153, 61
80, 144
116, 117
117, 116
143, 82
143, 82
0, 165
143, 83
116, 118
116, 118
115, 119
115, 119
145, 80
145, 80
154, 61
25, 164
25, 164
79, 146
154, 62
145, 81
145, 81
152, 67
152, 67
144, 83
28, 164
28, 164
144, 84
35, 163
98, 135
79, 147
3, 167
3, 167
26, 165
26, 165
154, 65
153, 68
153, 68
82, 146
146, 82
146, 82
29, 165
29, 165
154, 66
119, 118
118, 119
118, 119
119, 118
35, 164
36, 164
146, 83
146, 83
100, 135
2, 168
2, 168
26, 166
145, 85
145, 85
99, 136
80, 148
153, 70
153, 70
118, 120
118, 120
117, 121
117, 121
115, 123
114, 124
155, 66
145, 86
145, 86
155, 67
36, 165
0, 169
26, 167
168, 19
168, 19
80, 149
115, 124
27, 167
167, 27
167, 27
114, 125
82, 148
166, 33
166, 33
147, 84
101, 136
169, 13
169, 13
154, 71
154, 71
155, 69
155, 69
147, 85
36, 166
36, 166
146, 87
146, 87
169, 18
169, 18
168, 26
168, 26
167, 32
167, 32
170, 5
170, 5
27, 168
170, 12
170, 12
154, 73
146, 88
146, 88
29, 168
165, 43
165, 43
148, 85
154, 74
156, 70
156, 70
171, 1
2, 171
2, 171
171, 2
171, 4
171, 4
37, 167
37, 167
148, 86
148, 86
117, 125
166, 42
166, 42
116, 126
156, 71
29, 169
30, 169
148, 87
155, 74
156, 72
101, 139
82, 151
170, 25
170, 25
84, 150
171, 18
117, 126
172, 0
1, 172
1, 172
172, 1
116, 127
165, 49
27, 170
27, 170
114, 129
114, 129
155, 75
113, 130
113, 130
99, 141
170, 28
169, 34
165, 50
172, 12
149, 87
169, 35
30, 170
172, 15
171, 24
171, 24
157, 72
84, 151
169, 36
113, 131
113, 131
37, 169
37, 169
149, 88
112, 132
112, 132
157, 73
102, 140
148, 90
148, 90
28, 171
28, 171
169, 39
155, 78
155, 78
82, 153
100, 142
148, 91
148, 91
170, 36
171, 31
170, 37
174, 2
174, 6
171, 33
38, 170
38, 170
116, 130
116, 130
165, 56
115, 131
115, 131
150, 89
157, 76
165, 57
30, 172
156, 79
156, 79
157, 77
167, 52
150, 90
83, 154
115, 132
149, 92
114, 133
38, 171
166, 56
112, 135
112, 135
86, 153
111, 136
111, 136
30, 173
171, 40
149, 93
169, 48
31, 173
158, 77
156, 81
156, 81
151, 90
83, 155
115, 133
168, 52
168, 52
114, 134
100, 145
38, 172
158, 78
28, 174
28, 174
151, 91
39, 172
86, 154
102, 144
150, 93
171, 44
171, 44
31, 174
169, 52
177, 0
150, 94
168, 56
157, 82
157, 82
39, 173
29, 175
29, 175
114, 136
101, 146
159, 79
159, 79
113, 137
152, 92
152, 92
31, 175
31, 175
87, 155
176, 25
172, 45
172, 45
103, 145
111, 139
111, 139
177, 18
177, 18
159, 80
169, 56
110, 140
110, 140
152, 93
152, 93
114, 137
174, 39
39, 174
101, 147
169, 57
113, 138
170, 54
29, 176
151, 95
159, 81
85, 157
87, 156
174, 41
32, 176
32, 176
151, 96
178, 19
178, 19
176, 33
172, 50
174, 43
174, 43
39, 175
170, 57
171, 54
29, 177
172, 51
85, 158
103, 147
157, 87
157, 87
30, 177
153, 94
110, 142
110, 142
152, 96
109, 143
109, 143
175, 42
175, 42
174, 46
88, 157
174, 47
152, 97
173, 51
154, 94
177, 35
30, 178
178, 30
178, 30
171, 58
171, 58
172, 55
172, 55
173, 52
113, 141
113, 141
41, 176
88, 158
158, 88
158, 88
112, 142
112, 142
32, 178
154, 95
154, 95
175, 47
109, 145
109, 145
154, 96
172, 58
173, 55
108, 146
108, 146
112, 143
112, 143
179, 31
179, 31
41, 177
111, 144
111, 144
32, 179
33, 179
87, 160
177, 44
177, 44
179, 35
179, 35
173, 58
30, 180
162, 84
174, 55
41, 178
173, 59
158, 92
158, 92
165, 79
165, 79
33, 180
87, 161
108, 148
163, 84
163, 84
111, 146
162, 86
107, 149
30, 181
161, 88
180, 36
180, 36
178, 45
178, 45
110, 147
31, 181
41, 179
174, 59
174, 59
42, 179
108, 149
175, 57
159, 93
159, 93
111, 147
107, 150
164, 84
166, 80
166, 80
110, 148
106, 151
106, 151
31, 182
175, 59
164, 85
42, 180
91, 161
33, 182
33, 182
176, 57
180, 43
180, 43
157, 98
164, 86
157, 99
175, 62
175, 62
159, 96
159, 96
91, 162
175, 63
110, 150
110, 150
43, 181
43, 181
106, 153
34, 183
34, 183
109, 151
177, 58
176, 61
176, 61
181, 44
181, 44
175, 64
105, 154
108, 152
166, 85
31, 184
31, 184
178, 56
166, 86
106, 154
158, 100
165, 88
165, 88
109, 152
160, 97
160, 97
34, 184
34, 184
92, 163
187, 8
187, 8
178, 58
177, 61
177, 61
105, 155
157, 102
157, 102
176, 64
108, 153
178, 59
176, 65
93, 163
32, 185
176, 66
176, 66
43, 183
43, 183
188, 2
188, 2
105, 156
158, 102
188, 7
188, 7
178, 61
35, 185
35, 185
167, 87
181, 52
181, 52
104, 157
166, 89
166, 89
91, 165
179, 59
178, 62
32, 186
186, 32
186, 32
105, 157
33, 186
108, 155
108, 155
189, 0
189, 1
189, 1
104, 158
107, 156
107, 156
44, 184
168, 87
160, 101
160, 101
167, 89
167, 89
177, 67
177, 67
93, 165
179, 62
103, 159
187, 31
187, 31
182, 53
182, 53
180, 60
186, 38
186, 38
182, 54
182, 54
33, 187
177, 69
177, 69
107, 157
107, 157
170, 85
169, 87
169, 87
44, 185
190, 9
35, 187
190, 10
106, 158
106, 158
103, 160
45, 185
184, 49
179, 65
168, 90
168, 90
161, 102
161, 102
102, 161
191, 1
191, 2
187, 39
187, 39
183, 55
183, 55
179, 67
179, 67
191, 7
35, 188
178, 70
178, 70
181, 62
45, 186
45, 186
36, 188
170, 88
170, 88
191, 13
169, 90
191, 15
191, 18
172, 85
33, 189
33, 189
106, 160
178, 72
105, 161
192, 10
183, 59
183, 59
102, 163
171, 88
171, 88
45, 187
170, 90
178, 73
36, 189
180, 68
180, 68
46, 187
173, 85
170, 91
100, 165
34, 190
34, 190
105, 162
173, 86
179, 73
161, 107
161, 107
104, 163
36, 190
36, 190
184, 60
184, 60
46, 188
46, 188
172, 89
172, 89
179, 74
171, 91
180, 72
180, 72
194, 0
179, 75
104, 164
194, 10
194, 10
103, 165
46, 189
173, 89
173, 89
37, 191
37, 191
172, 91
172, 91
100, 167
162, 108
162, 108
47, 189
184, 64
184, 64
34, 192
34, 192
175, 86
99, 168
181, 73
195, 11
195, 11
103, 166
180, 76
187, 57
187, 57
181, 74
102, 167
47, 190
47, 190
195, 18
195, 18
99, 169
176, 86
176, 86
174, 90
174, 90
173, 92
185, 65
185, 65
35, 193
35, 193
180, 78
162, 111
162, 111
37, 193
37, 193
97, 171
47, 191
188, 58
188, 58
185, 67
185, 67
175, 90
175, 90
174, 92
182, 75
196, 19
196, 19
48, 191
35, 194
35, 194
177, 87
102, 169
181, 79
182, 77
38, 194
38, 194
163, 112
163, 112
196, 27
196, 27
48, 192
1, 198
1, 198
186, 68
186, 68
100, 171
178, 87
176, 91
188, 63
188, 63
36, 195
36, 195
97, 173
178, 88
38, 195
181, 82
96, 174
186, 70
186, 70
183, 78
197, 28
197, 28
2, 199
2, 199
177, 91
49, 193
36, 196
197, 31
197, 31
179, 88
189, 64
189, 64
96, 175
182, 82
38, 196
100, 173
39, 196
176, 95
187, 71
187, 71
182, 83
49, 194
183, 81
183, 81
99, 174
50, 194
94, 177
198, 32
198, 32
180, 89
39, 197
177, 95
99, 175
198, 35
198, 35
187, 74
187, 74
163, 118
163, 118
94, 178
50, 195
50, 195
37, 198
184, 82
184, 82
181, 89
93, 179
39, 198
39, 198
97, 177
184, 83
189, 71
189, 71
199, 36
199, 36
178, 96
50, 196
188, 75
188, 75
37, 199
37, 199
51, 196
93, 180
164, 119
164, 119
178, 97
97, 178
188, 76
199, 40
199, 40
40, 199
2, 203
2, 203
96, 179
188, 77
190, 72
190, 72
91, 182
51, 197
38, 200
38, 200
40, 200
0, 204
96, 180
3, 204
3, 204
189, 77
200, 41
200, 41
41, 200
190, 75
190, 75
91, 183
189, 78
38, 201
52, 198
200, 44
94, 182
0, 205
200, 45
41, 201
189, 80
89, 185
204, 24
38, 202
191, 76
191, 76
164, 124
164, 124
189, 81
52, 199
184, 92
94, 183
39, 202
53, 199
201, 45
41, 202
184, 93
93, 184
201, 46
89, 186
205, 24
190, 81
201, 48
201, 48
191, 79
191, 79
39, 203
53, 200
53, 200
190, 82
204, 35
165, 125
165, 125
93, 185
41, 203
87, 188
42, 203
185, 94
206, 25
39, 204
39, 204
202, 49
202, 49
53, 201
185, 95
91, 187
192, 80
192, 80
87, 189
205, 36
42, 204
202, 51
202, 51
184, 98
184, 98
192, 82
206, 34
186, 95
205, 40
91, 188
40, 205
40, 205
185, 97
184, 99
85, 191
186, 96
55, 202
43, 205
43, 205
203, 52
203, 52
186, 97
186, 97
89, 190
40, 206
40, 206
207, 35
85, 192
1, 210
206, 41
203, 54
203, 55
55, 203
55, 203
128, 167
206, 43
43, 206
43, 206
207, 39
89, 191
41, 207
187, 98
204, 55
55, 204
131, 166
204, 56
207, 44
44, 207
44, 207
130, 167
185, 103
208, 40
128, 169
208, 41
41, 208
81, 196
204, 58
204, 58
42, 208
86, 194
185, 104
207, 48
134, 165
44, 208
133, 166
57, 205
81, 197
187, 102
136, 164
164, 136
164, 136
86, 195
209, 42
42, 209
135, 165
165, 135
165, 135
205, 59
205, 59
208, 48
187, 103
138, 163
44, 209
186, 105
132, 168
137, 164
208, 49
57, 206
45, 209
131, 169
205, 61
205, 61
208, 50
208, 50
209, 46
186, 106
79, 199
42, 210
42, 210
84, 197
209, 47
188, 103
142, 161
45, 210
188, 104
140, 163
187, 106
58, 207
79, 200
84, 198
206, 62
206, 62
209, 51
209, 51
210, 47
144, 160
143, 161
136, 167
210, 48
206, 63
187, 107
135, 168
163, 141
163, 141
164, 140
164, 140
210, 49
210, 49
206, 64
209, 54
209, 54
138, 166
58, 208
46, 211
46, 211
137, 167
3, 216
3, 216
212, 42
189, 105
140, 165
148, 158
139, 166
44, 212
44, 212
146, 160
171, 133
207, 64
189, 106
81, 201
76, 203
188, 108
143, 163
211, 50
211, 50
46, 212
46, 212
207, 65
4, 217
4, 217
141, 165
210, 55
210, 55
150, 157
149, 158
171, 134
188, 109
211, 52
211, 52
44, 213
190, 106
207, 67
207, 67
81, 202
76, 204
153, 155
210, 58
210, 58
171, 135
190, 107
146, 162
47, 213
47, 213
145, 163
189, 109
189, 109
44, 214
155, 154
154, 155
154, 155
153, 156
153, 156
152, 157
212, 53
212, 53
190, 108
190, 108
190, 108
172, 135
189, 110
45, 214
140, 168
148, 161
147, 162
188, 112
188, 112
208, 68
208, 68
144, 165
1, 219
1, 219
47, 214
208, 69
208, 69
189, 111
189, 111
189, 111
155, 155
156, 154
153, 157
212, 56
150, 160
78, 205
188, 113
149, 161
173, 135
173, 135
212, 57
45, 215
191, 109
157, 154
62, 211
152, 159
142, 168
151, 160
2, 220
2, 220
47, 215
163, 148
147, 164
147, 164
78, 206
48, 215
146, 165
146, 165
212, 60
212, 60
175, 134
191, 110
209, 70
209, 70
213, 57
144, 167
190, 112
190, 112
155, 157
155, 157
154, 158
45, 216
45, 216
153, 159
209, 71
213, 58
174, 136
174, 136
62, 212
62, 212
209, 72
212, 63
212, 63
145, 167
48, 216
192, 110
156, 157
157, 156
156, 157
70, 210
150, 163
149, 164
165, 148
192, 111
62, 213
214, 59
214, 59
210, 72
152, 162
152, 162
151, 163
151, 163
150, 164
70, 211
166, 148
213, 64
213, 64
176, 136
49, 217
214, 61
154, 161
154, 161
178, 134
214, 62
153, 162
153, 162
211, 72
211, 72
47, 218
47, 218
166, 149
190, 117
190, 117
177, 136
73, 211
213, 67
213, 67
146, 169
49, 218
156, 160
156, 160
155, 161
155, 161
155, 161
179, 134
152, 164
50, 218
151, 165
215, 62
192, 115
167, 149
177, 137
47, 219
47, 219
4, 224
4, 224
215, 63
157, 160
179, 135
212, 73
212, 73
73, 212
67, 214
192, 116
191, 118
191, 118
214, 68
214, 68
68, 214
215, 65
65, 215
178, 137
50, 219
214, 69
214, 69
69, 214
156, 162
215, 66
180, 135
191, 119
191, 119
5, 225
5, 225
48, 220
193, 116
67, 215
150, 168
150, 168
149, 169
149, 169
169, 149
169, 149
179, 137
179, 137
65, 216
50, 220
50, 220
156, 163
177, 140
193, 117
152, 167
216, 66
151, 168
109, 198
5, 226
5, 226
215, 70
215, 70
70, 215
216, 67
48, 221
193, 118
193, 118
159, 161
157, 163
49, 221
155, 165
181, 136
192, 120
192, 120
215, 71
154, 166
178, 140
153, 167
152, 168
170, 150
170, 150
180, 138
109, 199
109, 199
160, 161
111, 198
2, 227
2, 227
157, 164
156, 165
156, 165
6, 227
6, 227
67, 217
155, 166
182, 136
108, 200
108, 200
217, 68
217, 68
68, 217
180, 139
65, 218
194, 119
194, 119
159, 163
157, 165
66, 218
66, 218
182, 137
217, 70
217, 70
3, 228
3, 228
67, 218
108, 201
108, 201
181, 139
181, 139
160, 163
50, 223
183, 137
183, 137
111, 200
217, 73
173, 150
173, 150
106, 203
106, 203
182, 139
3, 229
3, 229
192, 125
192, 125
110, 201
53, 223
218, 71
218, 71
184, 137
50, 224
218, 72
218, 72
69, 219
111, 201
194, 123
162, 163
159, 166
106, 204
106, 204
158, 167
218, 73
52, 224
110, 202
4, 230
4, 230
194, 124
105, 205
105, 205
174, 151
109, 203
193, 126
193, 126
69, 220
158, 168
108, 204
195, 124
175, 151
219, 74
103, 207
105, 206
105, 206
163, 164
162, 165
160, 167
109, 204
159, 168
195, 125
104, 207
108, 205
175, 152
187, 137
165, 163
103, 208
220, 74
107, 206
184, 142
176, 152
106, 207
188, 137
163, 166
233, 0
107, 207
101, 210
6, 233
6, 233
185, 142
65, 224
177, 152
177, 152
164, 166
166, 164
166, 164
163, 167
167, 163
167, 163
189, 137
105, 209
101, 211
233, 21
233, 21
189, 138
165, 166
166, 165
163, 168
168, 163
163, 168
7, 234
7, 234
162, 169
162, 169
54, 228
195, 130
195, 130
193, 133
193, 133
55, 228
55, 228
178, 153
168, 164
56, 228
105, 210
190, 138
190, 138
235, 0
234, 22
234, 22
4, 235
4, 235
234, 26
234, 26
179, 153
191, 138
103, 212
196, 131
196, 131
194, 134
194, 134
97, 215
236, 1
236, 1
5, 236
5, 236
236, 7
236, 7
179, 154
165, 169
235, 27
235, 27
103, 213
97, 216
236, 20
236, 20
196, 133
196, 133
180, 154
180, 154
236, 22
237, 8
237, 8
237, 11
237, 11
96, 217
194, 137
194, 137
192, 140
181, 154
237, 19
235, 37
235, 37
7, 238
7, 238
96, 218
96, 218
197, 134
197, 134
168, 169
168, 169
238, 12
238, 12
167, 170
167, 170
94, 219
237, 26
193, 140
99, 217
97, 218
238, 17
238, 17
237, 28
237, 28
95, 219
192, 142
195, 138
195, 138
236, 38
236, 38
5, 239
5, 239
8, 239
8, 239
94, 220
99, 218
239, 18
239, 18
182, 156
167, 172
167, 172
166, 173
166, 173
238, 29
238, 29
98, 219
6, 240
6, 240
239, 23
239, 23
8, 240
8, 240
180, 159
236, 45
236, 45
92, 222
238, 34
238, 34
183, 156
183, 156
96, 221
6, 241
9, 241
9, 241
240, 24
240, 24
184, 156
92, 223
90, 224
240, 26
240, 26
237, 46
237, 46
239, 35
239, 35
229, 77
237, 47
237, 47
96, 222
94, 223
193, 146
6, 242
7, 242
239, 39
239, 39
90, 225
241, 27
241, 27
193, 147
166, 177
166, 177
165, 178
165, 178
238, 48
238, 48
94, 224
241, 31
241, 31
7, 243
240, 40
240, 40
238, 51
238, 51
240, 41
240, 41
244, 0
87, 228
242, 32
242, 32
9, 244
9, 244
40, 241
193, 150
41, 241
41, 241
91, 227
239, 52
239, 52
241, 42
241, 42
42, 241
242, 36
242, 36
87, 229
245, 1
245, 1
7, 245
10, 245
10, 245
194, 150
194, 150
245, 11
245, 11
241, 46
241, 46
195, 149
195, 149
239, 56
239, 56
91, 228
89, 229
243, 37
243, 37
37, 243
38, 243
38, 243
7, 246
39, 243
8, 246
243, 40
243, 40
246, 12
246, 12
197, 148
197, 148
242, 47
242, 47
89, 230
195, 151
240, 57
240, 57
37, 244
37, 244
247, 0
82, 233
247, 6
247, 6
246, 23
246, 23
242, 50
8, 247
10, 247
10, 247
195, 152
242, 51
240, 60
240, 60
244, 41
244, 41
35, 245
36, 245
36, 245
87, 232
37, 245
198, 149
198, 149
244, 44
82, 234
248, 7
248, 7
244, 45
8, 248
8, 248
247, 24
247, 24
11, 248
11, 248
248, 11
248, 11
243, 51
243, 52
241, 61
241, 61
87, 233
247, 32
247, 32
246, 39
245, 45
9, 249
9, 249
11, 249
11, 249
245, 46
249, 12
249, 12
241, 65
241, 65
249, 18
249, 18
244, 53
244, 53
9, 250
9, 250
248, 33
248, 33
249, 25
12, 250
249, 26
246, 47
246, 47
244, 57
244, 57
250, 19
250, 19
30, 249
242, 66
242, 66
31, 249
31, 249
250, 22
250, 22
248, 39
248, 39
32, 249
239, 77
10, 251
10, 251
246, 51
246, 51
12, 251
13, 251
250, 28
242, 69
242, 69
245, 58
245, 58
197, 157
197, 157
245, 59
245, 59
250, 32
251, 23
251, 23
198, 156
198, 156
249, 40
249, 40
10, 252
10, 252
13, 252
251, 26
251, 26
247, 52
247, 52
192, 164
246, 58
247, 54
243, 70
243, 70
247, 55
192, 165
192, 165
243, 71
246, 60
246, 60
249, 46
249, 46
11, 253
26, 252
14, 253
252, 27
252, 27
243, 72
27, 252
27, 252
28, 252
252, 29
246, 62
252, 30
192, 166
246, 63
243, 74
248, 55
251, 40
11, 254
248, 56
12, 254
13, 254
250, 47
250, 47
244, 72
15, 254
251, 42
193, 166
194, 165
244, 73
248, 58
248, 58
253, 30
195, 164
195, 164
253, 31
247, 63
244, 74
23, 254
24, 254
24, 254
250, 51
250, 51
247, 64
25, 254
253, 34
253, 34
194, 166
252, 44
249, 59
249, 59
247, 67
252, 46
247, 68
13, 256
251, 52
251, 52
249, 61
249, 61
254, 35
254, 35
15, 256
253, 42
254, 37
254, 37
20, 256
21, 256
21, 256
22, 256
248, 68
248, 68
199, 163
251, 57
251, 57
248, 69
250, 62
250, 62
248, 70
248, 70
253, 49
253, 49
255, 38
255, 38
249, 67
199, 164
253, 50
254, 45
196, 168
196, 168
162, 201
162, 201
197, 167
197, 167
255, 41
250, 65
250, 65
255, 42
254, 48
254, 48
252, 58
252, 58
254, 50
249, 71
249, 71
64, 251
252, 60
249, 72
252, 61
65, 251
256, 42
254, 53
255, 48
249, 73
251, 66
251, 66
17, 259
163, 202
163, 202
256, 43
18, 259
256, 44
256, 45
195, 172
195, 172
251, 68
251, 68
196, 171
196, 171
253, 61
14, 260
15, 260
250, 73
256, 48
253, 62
16, 260
16, 260
255, 54
250, 74
255, 55
257, 45
257, 46
253, 65
253, 65
257, 47
252, 69
252, 69
250, 76
252, 70
250, 77
252, 71
256, 55
256, 55
194, 176
194, 176
195, 175
195, 175
256, 56
65, 254
256, 57
256, 57
12, 262
13, 262
66, 254
254, 66
254, 66
251, 77
257, 54
253, 71
258, 50
251, 78
254, 68
254, 68
253, 72
251, 79
10, 263
11, 263
253, 73
253, 73
257, 58
257, 58
257, 59
257, 59
259, 50
193, 180
193, 180
194, 179
194, 179
259, 51
8, 264
9, 264
9, 264
255, 69
255, 69
10, 264
259, 53
259, 53
192, 182
254, 74
254, 74
193, 181
261, 44
252, 81
255, 71
165, 207
165, 207
258, 60
258, 60
255, 72
56, 259
6, 265
7, 265
7, 265
258, 61
8, 265
254, 76
254, 76
57, 259
191, 184
192, 183
192, 183
193, 182
258, 62
260, 54
260, 54
191, 185
192, 184
256, 72
253, 82
260, 56
260, 56
4, 266
5, 266
5, 266
6, 266
166, 208
166, 208
256, 73
253, 83
259, 62
255, 77
255, 77
259, 63
259, 63
255, 78
256, 75
256, 75
259, 64
255, 79
261, 57
261, 57
254, 83
190, 188
190, 188
191, 187
191, 187
261, 58
163, 212
163, 212
261, 59
260, 64
256, 79
56, 262
190, 189
189, 190
260, 65
260, 65
257, 76
257, 76
2, 268
3, 268
57, 262
255, 83
255, 83
256, 80
260, 66
257, 77
257, 77
262, 59
190, 190
189, 191
188, 192
188, 192
262, 60
256, 82
256, 82
256, 82
164, 213
164, 213
0, 269
1, 269
1, 269
262, 61
262, 61
261, 66
261, 67
258, 78
258, 78
257, 83
257, 83
258, 80
188, 194
188, 194
187, 195
186, 196
263, 62
257, 84
15, 270
258, 81
263, 63
17, 270
262, 68
262, 68
262, 68
166, 214
166, 214
187, 196
186, 197
186, 197
262, 69
185, 198
47, 267
48, 267
13, 271
14, 271
259, 81
263, 67
264, 63
264, 64
264, 64
186, 198
259, 82
185, 199
185, 199
184, 200
264, 65
263, 69
167, 215
167, 215
259, 84
13, 272
36, 270
185, 200
184, 201
184, 201
37, 270
17, 272
183, 202
164, 218
164, 218
265, 65
32, 271
265, 66
10, 273
184, 202
35, 271
12, 273
183, 203
183, 203
27, 272
265, 67
265, 67
264, 71
15, 273
16, 273
181, 205
29, 272
38, 271
167, 217
167, 217
183, 204
25, 273
165, 219
165, 219
181, 206
181, 206
26, 273
180, 207
266, 68
30, 273
30, 273
21, 274
266, 69
22, 274
22, 274
181, 207
180, 208
180, 208
25, 274
168, 218
168, 218
35, 273
12, 275
178, 210
13, 275
36, 273
16, 275
17, 275
267, 69
180, 209
46, 272
23, 275
23, 275
267, 70
267, 70
47, 272
24, 275
178, 211
178, 211
6, 276
7, 276
7, 276
8, 276
267, 71
175, 214
20, 276
20, 276
168, 220
168, 220
178, 212
32, 275
23, 276
33, 275
9, 277
175, 215
175, 215
268, 71
27, 276
268, 72
268, 72
44, 274
29, 276
173, 217
268, 73
21, 277
21, 277
23, 277
175, 216
4, 278
5, 278
8, 278
9, 278
165, 224
169, 221
169, 221
12, 278
13, 278
173, 218
173, 218
43, 275
168, 222
168, 222
44, 275
30, 277
171, 220
269, 73
21, 278
21, 278
2, 279
2, 279
3, 279
3, 279
165, 225
173, 219
42, 276
168, 223
28, 278
171, 221
16, 279
29, 278
17, 279
23, 279
0, 280
1, 280
1, 280
24, 279
5, 280
6, 280
42, 277
10, 280
11, 280
171, 222
171, 222
27, 279
14, 280
15, 280
28, 279
170, 223
170, 223
31, 279
23, 280
167, 226
3, 281
4, 281
4, 281
5, 281
5, 281
8, 281
26, 280
170, 224
170, 224
11, 281
169, 225
17, 281
18, 281
168, 226
39, 279
21, 281
167, 227
40, 279
2, 282
3, 282
6, 282
6, 282
25, 281
26, 281
169, 226
165, 229
12, 282
12, 282
20, 282
23, 282
0, 283
1, 283
1, 283
24, 282
165, 230
165, 230
162, 233
22, 283
165, 231
23, 283
3, 284
3, 284
4, 284
4, 284
10, 284
11, 284
14, 284
15, 284
162, 234
20, 284
21, 284
1, 285
2, 285
2, 285
35, 283
162, 235
162, 235
30, 284
19, 285
161, 236
20, 285
4, 286
34, 284
35, 284
11, 286
12, 286
93, 271
161, 237
30, 285
157, 240
1, 287
2, 287
3, 287
3, 287
28, 286
16, 287
93, 272
29, 286
17, 287
157, 241
157, 241
32, 286
1, 288
95, 272
28, 287
157, 242
31, 287
32, 287
0, 289
0, 289
3, 289
92, 274
5, 289
95, 273
95, 273
152, 246
13, 289
14, 289
14, 289
15, 289
94, 274
94, 274
150, 248
1, 290
152, 247
152, 247
11, 290
12, 290
13, 290
90, 276
90, 276
151, 248
151, 248
29, 289
94, 275
94, 275
150, 249
150, 249
152, 248
89, 277
89, 277
1, 291
2, 291
2, 291
3, 291
93, 276
29, 290
150, 250
91, 277
91, 277
147, 252
92, 277
89, 278
89, 278
3, 292
93, 277
145, 254
88, 279
147, 253
147, 253
285, 67
285, 67
22, 292
144, 255
23, 292
146, 254
146, 254
1, 293
4, 293
4, 293
286, 64
286, 64
87, 280
287, 60
287, 60
91, 279
147, 254
88, 280
286, 66
286, 66
288, 57
142, 257
285, 71
144, 256
144, 256
287, 63
287, 63
288, 59
288, 59
1, 294
143, 257
143, 257
90, 280
90, 280
87, 281
142, 258
142, 258
144, 257
86, 282
139, 260
287, 68
24, 294
1, 295
2, 295
3, 295
90, 281
90, 281
25, 294
287, 69
288, 65
140, 260
140, 260
289, 61
289, 61
142, 259
85, 283
290, 57
287, 71
288, 67
139, 261
139, 261
89, 282
141, 260
86, 283
289, 63
288, 68
290, 60
290, 60
88, 283
85, 284
139, 262
89, 283
297, 0
84, 285
84, 285
88, 284
87, 285
289, 73
289, 73
84, 286
84, 286
86, 286
130, 269
290, 72
87, 286
296, 42
291, 69
291, 69
294, 55
294, 55
296, 43
297, 36
131, 269
131, 269
295, 50
295, 50
293, 61
293, 61
297, 37
292, 66
292, 66
82, 288
82, 288
291, 71
290, 75
19, 299
86, 287
132, 269
130, 270
130, 270
291, 72
290, 76
292, 68
292, 68
295, 54
295, 54
297, 42
24, 299
300, 4
296, 49
296, 49
294, 60
294, 60
293, 65
293, 65
300, 9
300, 9
127, 272
300, 12
300, 12
85, 288
298, 37
82, 289
82, 289
300, 16
291, 75
18, 300
130, 271
19, 300
300, 19
128, 272
128, 272
300, 21
298, 42
298, 42
84, 289
129, 272
81, 290
290, 81
299, 36
301, 10
301, 10
301, 11
301, 11
85, 289
299, 37
290, 82
18, 301
18, 301
294, 68
299, 41
299, 41
84, 290
84, 290
300, 36
294, 70
292, 78
121, 277
291, 82
293, 75
18, 302
291, 83
122, 277
122, 277
80, 292
84, 291
291, 84
291, 84
295, 69
299, 49
299, 49
303, 2
123, 277
82, 292
16, 303
79, 293
300, 46
300, 46
299, 53
296, 68
302, 33
300, 48
300, 48
108, 284
292, 85
132, 274
78, 294
82, 293
301, 45
292, 86
16, 304
16, 304
79, 294
115, 282
303, 33
303, 33
116, 282
116, 282
81, 294
81, 294
305, 0
305, 8
78, 295
297, 70
117, 282
16, 305
304, 31
304, 31
298, 68
304, 32
304, 32
305, 22
305, 22
77, 296
77, 296
81, 295
81, 295
305, 24
305, 24
306, 1
306, 1
306, 4
306, 4
306, 11
14, 306
299, 67
110, 286
305, 30
305, 30
294, 87
80, 296
299, 68
299, 68
306, 21
306, 21
111, 286
111, 286
77, 297
77, 297
306, 23
306, 23
294, 88
294, 88
307, 5
307, 5
7, 307
307, 7
299, 70
299, 70
307, 8
305, 36
305, 36
112, 286
294, 89
107, 288
14, 307
79, 297
300, 67
76, 298
76, 298
108, 288
108, 288
80, 297
305, 41
305, 41
300, 69
300, 69
300, 69
109, 288
306, 35
306, 35
7, 308
7, 308
308, 8
308, 9
296, 86
308, 13
308, 13
79, 298
79, 298
14, 308
14, 308
76, 299
76, 299
306, 40
306, 40
78, 299
104, 291
7, 309
79, 299
13, 309
102, 292
309, 14
309, 14
105, 291
309, 17
309, 17
103, 292
74, 301
74, 301
78, 300
13, 310
303, 67
303, 67
310, 18
310, 18
77, 301
98, 295
74, 302
310, 25
310, 25
304, 66
304, 66
99, 295
99, 295
11, 311
76, 302
100, 295
77, 302
73, 303
304, 69
304, 69
98, 296
98, 296
74, 303
310, 35
305, 66
311, 26
311, 26
11, 312
76, 303
305, 68
305, 68
73, 304
98, 297
306, 65
311, 34
311, 35
2, 313
306, 66
11, 313
11, 313
76, 304
76, 304
72, 305
72, 305
311, 40
307, 65
311, 43
311, 43
314, 0
2, 314
10, 314
72, 306
72, 306
94, 300
307, 68
307, 68
301, 91
312, 40
312, 41
312, 42
312, 42
74, 306
74, 306
0, 315
1, 315
71, 307
71, 307
9, 315
10, 315
308, 67
308, 67
94, 301
94, 301
314, 33
314, 33
74, 307
74, 307
308, 70
0, 316
71, 308
71, 308
9, 316
94, 302
311, 58
73, 308
73, 308
314, 41
314, 41
311, 60
70, 309
70, 309
315, 34
315, 34
311, 61
8, 317
311, 62
317, 11
317, 15
317, 15
314, 47
314, 47
73, 309
73, 309
312, 59
314, 49
314, 49
70, 310
70, 310
90, 305
7, 318
8, 318
312, 62
72, 310
72, 310
316, 39
316, 39
318, 16
318, 16
318, 18
318, 18
69, 311
315, 48
315, 48
311, 70
317, 34
317, 34
90, 306
319, 0
7, 319
7, 319
313, 62
313, 62
319, 9
72, 311
72, 311
319, 13
68, 312
69, 312
319, 19
319, 19
89, 307
89, 307
319, 21
318, 33
318, 33
319, 22
314, 61
314, 61
71, 312
71, 312
320, 1
320, 1
320, 4
320, 4
6, 320
7, 320
68, 313
320, 16
313, 69
89, 308
314, 65
314, 65
313, 70
320, 22
320, 23
71, 313
71, 313
320, 25
320, 25
306, 97
321, 5
321, 5
6, 321
321, 7
321, 7
313, 72
313, 72
284, 150
68, 314
68, 314
315, 64
315, 64
314, 69
321, 18
89, 309
321, 19
284, 151
70, 314
70, 314
87, 310
5, 322
67, 315
67, 315
321, 26
321, 26
285, 150
322, 8
322, 8
284, 152
321, 27
321, 28
322, 13
322, 13
314, 73
314, 73
286, 149
286, 149
280, 160
70, 315
70, 315
315, 70
87, 311
87, 311
285, 152
67, 316
67, 316
4, 323
5, 323
307, 101
322, 28
322, 29
323, 14
323, 14
281, 160
322, 30
69, 316
69, 316
316, 69
280, 162
307, 102
307, 102
323, 18
323, 18
66, 317
307, 103
316, 71
316, 71
286, 152
87, 312
317, 67
317, 67
4, 324
4, 324
283, 158
282, 160
288, 149
288, 149
314, 81
314, 81
287, 151
85, 313
322, 39
322, 39
69, 317
69, 317
324, 19
324, 19
65, 318
289, 148
289, 148
308, 103
308, 103
287, 152
66, 318
318, 66
318, 66
324, 23
324, 23
284, 158
284, 158
3, 325
4, 325
288, 151
68, 318
68, 318
282, 162
85, 314
285, 157
316, 78
316, 78
315, 82
315, 82
65, 319
324, 33
309, 103
285, 158
325, 24
325, 24
3, 326
3, 326
318, 72
324, 37
324, 37
68, 319
68, 319
286, 157
325, 30
324, 40
284, 161
291, 148
291, 148
318, 74
65, 320
65, 320
325, 32
325, 32
317, 79
317, 79
318, 75
285, 160
285, 160
292, 147
292, 147
67, 320
67, 320
290, 151
290, 151
2, 327
3, 327
287, 157
325, 38
85, 316
85, 316
64, 321
64, 321
321, 64
321, 64
320, 69
291, 150
291, 150
326, 31
288, 156
315, 90
315, 90
326, 33
319, 75
286, 160
293, 147
293, 147
67, 321
319, 76
84, 317
84, 317
2, 328
2, 328
288, 157
287, 159
322, 63
322, 63
326, 38
311, 105
294, 146
292, 150
292, 150
64, 322
64, 322
326, 39
289, 156
326, 40
326, 40
311, 106
287, 160
319, 79
66, 322
322, 66
295, 145
293, 149
293, 149
290, 155
290, 155
316, 91
316, 91
311, 107
311, 107
67, 322
288, 159
317, 88
317, 88
1, 329
2, 329
63, 323
322, 68
295, 146
327, 41
327, 41
294, 149
296, 145
66, 323
291, 155
313, 104
62, 324
1, 330
1, 330
295, 148
63, 324
323, 68
323, 68
320, 81
292, 154
313, 105
312, 108
318, 89
318, 89
65, 324
65, 324
324, 65
312, 109
295, 149
297, 145
297, 145
316, 97
316, 97
292, 155
290, 159
290, 159
321, 80
62, 325
288, 163
296, 148
327, 51
327, 51
298, 144
298, 144
0, 331
1, 331
293, 154
293, 154
321, 81
291, 158
291, 158
324, 69
324, 69
318, 93
318, 93
288, 164
294, 153
65, 325
65, 325
313, 109
313, 110
313, 110
322, 80
289, 163
317, 98
317, 98
62, 326
299, 144
294, 154
288, 165
0, 332
328, 52
328, 52
313, 111
64, 326
64, 326
325, 69
295, 153
300, 143
326, 65
323, 79
319, 94
319, 94
61, 327
290, 163
300, 144
289, 165
62, 327
293, 158
293, 158
315, 108
317, 102
317, 102
327, 63
314, 111
291, 162
64, 327
296, 153
296, 153
301, 143
301, 143
324, 78
294, 157
294, 157
325, 74
314, 112
327, 65
324, 79
291, 163
61, 328
299, 148
299, 148
297, 152
302, 142
328, 62
292, 162
63, 328
328, 63
319, 99
298, 151
300, 147
302, 143
64, 328
325, 78
325, 78
318, 103
318, 103
319, 100
293, 161
293, 161
60, 329
298, 152
301, 146
328, 66
318, 104
318, 104
303, 142
315, 113
315, 113
328, 67
316, 111
299, 151
299, 151
301, 147
296, 157
294, 161
326, 78
320, 100
315, 115
315, 115
292, 165
292, 165
60, 330
300, 150
302, 146
297, 156
304, 142
304, 142
320, 101
295, 160
327, 76
62, 330
293, 164
319, 105
319, 105
300, 151
320, 102
320, 102
297, 157
305, 141
328, 73
295, 161
294, 163
59, 331
328, 74
301, 150
303, 146
298, 156
296, 160
296, 160
306, 140
316, 116
316, 116
294, 164
84, 326
84, 326
328, 76
328, 76
319, 108
319, 108
299, 155
299, 155
304, 145
297, 159
306, 141
316, 117
316, 117
295, 163
321, 103
321, 103
302, 150
302, 150
329, 74
304, 146
297, 160
307, 140
307, 140
318, 113
303, 149
300, 155
305, 145
62, 332
298, 159
318, 114
85, 327
85, 327
329, 77
329, 77
308, 139
321, 106
321, 106
320, 109
320, 109
301, 154
304, 148
299, 158
59, 333
306, 144
306, 144
317, 118
308, 140
61, 333
304, 149
301, 155
300, 157
317, 119
297, 163
309, 139
330, 77
58, 334
302, 154
302, 154
305, 148
305, 148
320, 112
320, 112
300, 158
307, 144
307, 144
298, 162
322, 107
322, 107
319, 116
301, 157
318, 119
308, 143
308, 143
298, 163
310, 139
310, 139
319, 117
85, 329
304, 152
318, 120
318, 120
303, 154
306, 148
307, 146
58, 335
299, 162
318, 121
311, 138
322, 110
322, 110
321, 113
321, 113
302, 157
302, 157
309, 143
61, 335
312, 137
85, 330
305, 152
57, 336
303, 156
303, 156
308, 146
308, 146
310, 142
321, 115
321, 115
86, 330
312, 138
319, 121
309, 145
310, 143
310, 143
311, 141
311, 141
319, 122
323, 111
323, 111
313, 137
313, 137
306, 152
306, 152
304, 156
304, 156
309, 146
57, 337
301, 162
301, 162
319, 123
86, 331
59, 337
314, 136
323, 113
323, 113
302, 161
302, 161
310, 145
310, 145
322, 116
322, 116
312, 141
306, 154
314, 137
56, 338
311, 144
311, 144
307, 153
307, 153
308, 151
315, 136
303, 161
311, 145
87, 332
87, 332
312, 143
307, 154
324, 114
324, 114
304, 160
312, 144
316, 135
316, 135
308, 153
309, 151
304, 161
59, 339
87, 333
309, 152
309, 152
326, 111
305, 160
317, 135
56, 340
58, 340
303, 165
318, 134
87, 334
306, 160
327, 111
88, 334
55, 341
322, 125
318, 135
327, 112
307, 159
304, 165
58, 341
319, 134
319, 134
326, 116
322, 127
307, 160
327, 114
326, 117
88, 335
88, 335
55, 342
322, 128
320, 133
328, 112
308, 159
57, 342
322, 129
320, 134
309, 158
309, 158
54, 343
327, 117
88, 336
321, 133
328, 115
57, 343
323, 129
323, 129
327, 119
322, 132
322, 132
348, 9
348, 10
329, 114
348, 12
54, 344
324, 128
308, 163
56, 344
327, 121
90, 337
311, 158
53, 345
324, 130
312, 157
309, 163
308, 165
348, 32
348, 33
312, 158
90, 338
90, 338
309, 164
309, 164
324, 132
324, 132
329, 119
348, 38
350, 9
313, 157
311, 161
325, 131
325, 131
325, 131
350, 17
350, 17
56, 346
349, 33
90, 339
53, 347
315, 155
315, 155
312, 161
312, 161
310, 165
55, 347
351, 18
351, 18
330, 121
330, 121
351, 23
351, 23
52, 348
316, 155
316, 155
313, 161
311, 165
311, 165
331, 120
331, 120
317, 154
312, 164
352, 24
352, 24
52, 349
316, 157
313, 163
352, 27
352, 27
55, 349
318, 154
319, 152
313, 164
93, 341
51, 350
317, 157
317, 157
314, 163
314, 163
353, 28
353, 28
54, 350
353, 29
318, 156
348, 66
315, 162
320, 152
320, 152
353, 30
93, 342
93, 342
353, 33
348, 68
318, 157
315, 163
321, 151
347, 74
334, 120
349, 65
316, 162
54, 351
321, 152
354, 30
354, 31
349, 67
349, 67
93, 343
354, 32
354, 33
320, 155
348, 73
322, 151
94, 343
94, 343
51, 352
348, 74
95, 343
53, 352
317, 162
317, 162
321, 154
321, 154
356, 10
350, 67
318, 161
50, 353
323, 151
324, 149
319, 160
95, 344
95, 344
322, 154
322, 154
357, 0
357, 5
357, 5
319, 161
351, 67
323, 153
351, 68
320, 160
95, 345
53, 354
358, 6
358, 6
358, 9
358, 9
326, 149
50, 355
352, 68
321, 160
319, 164
52, 355
357, 38
322, 159
320, 163
320, 163
359, 10
359, 10
359, 15
359, 15
357, 41
49, 356
322, 160
325, 154
52, 356
321, 163
323, 159
55, 356
49, 357
360, 16
360, 16
358, 42
324, 158
324, 158
326, 154
360, 20
360, 20
358, 43
51, 357
336, 131
336, 131
355, 65
48, 358
337, 130
337, 130
325, 158
325, 158
355, 68
355, 68
361, 21
361, 21
51, 358
359, 44
361, 24
361, 24
359, 45
326, 157
356, 66
48, 359
327, 156
50, 359
356, 69
356, 69
327, 157
362, 25
362, 25
53, 359
360, 46
47, 360
360, 47
362, 28
362, 28
328, 156
325, 163
325, 163
326, 161
329, 155
53, 360
326, 162
325, 164
363, 29
363, 29
361, 48
363, 32
361, 50
325, 165
363, 33
331, 153
330, 156
359, 66
326, 165
50, 362
330, 157
364, 33
332, 153
47, 363
360, 67
348, 114
348, 114
327, 165
49, 363
52, 363
363, 52
329, 162
363, 53
46, 364
365, 38
335, 150
365, 39
348, 117
365, 40
49, 364
365, 41
333, 155
349, 115
349, 115
330, 162
327, 168
52, 364
103, 353
46, 365
366, 38
364, 54
104, 353
104, 353
350, 114
348, 120
351, 111
48, 365
334, 155
346, 126
346, 126
364, 56
105, 353
366, 41
336, 151
366, 42
349, 118
349, 118
348, 121
352, 109
347, 124
347, 124
331, 162
362, 69
362, 69
51, 365
366, 44
366, 44
345, 130
52, 365
349, 119
351, 113
45, 366
352, 110
347, 125
347, 125
353, 107
354, 104
332, 161
350, 117
350, 117
351, 114
349, 120
355, 101
348, 123
348, 123
363, 67
48, 366
353, 108
336, 153
346, 129
332, 162
356, 99
354, 106
51, 366
346, 130
355, 103
357, 96
363, 70
363, 70
367, 45
367, 45
356, 100
331, 165
333, 161
47, 367
367, 47
367, 47
358, 94
357, 98
364, 68
351, 118
351, 118
351, 118
352, 115
334, 160
334, 160
358, 95
348, 127
51, 367
51, 367
366, 58
359, 92
353, 113
350, 122
350, 122
354, 110
366, 59
45, 368
348, 128
360, 89
359, 93
352, 117
352, 117
353, 114
349, 126
355, 108
368, 48
368, 48
331, 168
335, 160
368, 49
351, 121
351, 121
357, 102
354, 112
360, 91
361, 87
355, 109
368, 50
349, 127
356, 106
370, 33
370, 33
348, 130
361, 88
44, 369
334, 163
350, 125
350, 125
52, 368
52, 368
335, 161
356, 107
348, 131
362, 85
367, 60
370, 38
370, 38
372, 0
362, 86
334, 164
335, 162
357, 105
359, 98
363, 82
367, 62
354, 115
360, 95
369, 50
369, 51
335, 163
371, 34
371, 34
363, 84
366, 70
52, 369
359, 100
364, 80
349, 131
369, 53
369, 53
360, 97
371, 37
371, 37
364, 81
47, 370
373, 0
365, 78
362, 91
368, 63
365, 79
363, 88
44, 371
366, 75
367, 70
362, 93
367, 71
46, 371
370, 54
370, 54
372, 38
372, 38
363, 90
374, 1
374, 2
374, 2
366, 77
374, 3
374, 4
370, 56
370, 56
369, 63
43, 372
365, 84
369, 65
356, 117
356, 117
368, 71
46, 372
366, 81
373, 38
373, 38
365, 86
375, 0
375, 1
375, 4
375, 5
375, 5
375, 6
368, 73
366, 83
371, 57
371, 57
43, 373
371, 58
374, 34
374, 34
371, 59
45, 373
374, 37
374, 37
368, 77
357, 118
357, 118
358, 115
358, 115
369, 73
370, 68
42, 374
368, 79
369, 75
375, 35
375, 35
372, 59
111, 360
369, 76
372, 60
372, 61
377, 0
371, 67
377, 1
112, 360
112, 360
377, 7
377, 8
377, 8
377, 9
372, 62
359, 116
359, 116
113, 360
370, 74
45, 375
378, 1
378, 2
376, 39
373, 62
373, 63
44, 376
372, 71
372, 71
53, 375
374, 60
377, 37
379, 3
379, 3
379, 4
379, 5
379, 10
379, 11
379, 12
379, 13
42, 377
374, 64
374, 64
375, 58
375, 58
375, 59
375, 59
373, 72
374, 67
380, 5
380, 6
380, 6
380, 7
374, 68
376, 56
41, 378
380, 13
376, 57
379, 32
362, 118
362, 118
377, 54
377, 54
374, 72
376, 61
377, 55
381, 7
376, 62
381, 8
381, 9
381, 9
377, 56
377, 56
380, 32
44, 379
378, 52
378, 52
377, 59
377, 59
53, 378
378, 53
378, 53
377, 60
377, 61
363, 119
363, 119
116, 364
375, 73
382, 10
382, 10
382, 12
382, 12
41, 380
375, 74
378, 57
378, 57
376, 69
379, 50
117, 364
117, 364
379, 51
378, 58
382, 18
43, 380
376, 70
118, 364
379, 55
380, 48
40, 381
379, 56
379, 56
380, 49
380, 49
383, 13
383, 14
379, 57
380, 50
376, 75
376, 75
43, 381
118, 365
118, 365
376, 76
376, 76
377, 71
377, 71
380, 53
377, 72
380, 54
380, 54
381, 47
366, 116
380, 55
377, 73
381, 48
40, 382
384, 14
384, 15
114, 367
42, 382
384, 16
384, 16
381, 52
118, 366
378, 71
382, 45
382, 45
381, 53
382, 46
382, 46
377, 77
119, 366
119, 366
116, 367
367, 116
39, 383
377, 78
378, 73
120, 366
367, 117
382, 50
382, 50
378, 75
385, 17
385, 17
382, 51
382, 51
383, 43
385, 19
383, 44
385, 20
36, 384
378, 78
379, 73
383, 48
383, 48
383, 49
383, 49
368, 117
42, 384
384, 42
384, 43
121, 367
386, 20
386, 21
386, 21
386, 22
384, 46
384, 46
384, 47
384, 47
380, 73
380, 74
41, 385
121, 368
121, 368
387, 22
387, 23
380, 77
380, 77
387, 25
387, 25
380, 78
39, 386
386, 39
386, 39
381, 74
121, 369
386, 43
386, 43
386, 44
386, 44
382, 71
382, 71
122, 369
122, 369
370, 119
366, 131
366, 131
38, 387
388, 26
388, 26
388, 27
123, 369
388, 28
387, 40
387, 40
387, 42
382, 75
382, 75
334, 200
334, 200
388, 35
388, 35
371, 119
383, 72
383, 72
371, 120
389, 28
367, 132
367, 132
389, 29
389, 30
389, 30
124, 370
389, 36
389, 36
335, 201
335, 201
384, 72
384, 72
38, 389
372, 120
41, 389
124, 371
124, 371
390, 31
390, 31
384, 75
390, 33
390, 33
390, 35
390, 36
37, 390
385, 73
385, 73
374, 117
374, 117
124, 372
385, 75
385, 76
125, 372
125, 372
128, 371
391, 34
391, 34
335, 205
335, 205
126, 372
39, 391
391, 40
391, 40
130, 371
130, 371
375, 118
375, 118
386, 76
126, 373
126, 373
37, 392
387, 73
336, 206
336, 206
392, 41
131, 372
131, 372
36, 393
126, 374
388, 73
388, 74
393, 41
393, 42
388, 76
377, 120
377, 120
135, 372
135, 372
39, 394
389, 74
378, 118
378, 118
131, 374
394, 43
394, 43
389, 76
390, 71
389, 77
394, 45
394, 46
336, 211
336, 211
38, 395
378, 121
378, 121
136, 373
379, 119
379, 119
137, 373
390, 77
375, 132
375, 132
36, 396
395, 46
395, 47
55, 394
55, 394
391, 74
391, 74
337, 212
337, 212
395, 50
395, 50
137, 374
391, 77
391, 77
35, 397
138, 374
380, 121
380, 121
133, 376
133, 376
376, 133
376, 133
56, 395
56, 395
392, 75
392, 75
396, 51
396, 51
396, 52
396, 52
135, 376
392, 78
392, 78
38, 398
381, 122
381, 122
393, 75
394, 71
394, 71
143, 374
143, 374
53, 397
53, 397
397, 53
397, 53
35, 399
37, 399
397, 56
397, 56
383, 119
394, 75
137, 377
394, 76
34, 400
138, 377
54, 398
54, 398
379, 133
379, 133
144, 375
144, 375
37, 400
384, 119
398, 57
398, 57
322, 241
395, 76
384, 120
36, 401
395, 78
398, 61
398, 61
396, 73
396, 73
147, 375
147, 375
322, 242
380, 134
380, 134
137, 379
337, 221
323, 241
337, 221
385, 120
322, 243
319, 247
396, 78
320, 246
399, 62
399, 62
396, 79
340, 218
399, 63
399, 63
319, 248
148, 376
148, 376
323, 243
323, 243
397, 76
397, 76
338, 222
338, 222
321, 246
340, 219
34, 403
319, 249
397, 79
150, 376
150, 376
386, 122
386, 122
324, 243
400, 64
400, 64
135, 382
322, 246
33, 404
398, 77
398, 77
323, 245
320, 249
324, 244
324, 244
399, 73
400, 68
400, 68
323, 246
338, 225
338, 225
340, 222
387, 123
387, 123
135, 383
135, 383
151, 377
151, 377
138, 382
152, 377
152, 377
36, 405
342, 220
384, 134
384, 134
399, 79
401, 69
401, 69
328, 241
328, 241
135, 384
340, 224
342, 221
339, 226
339, 226
139, 383
35, 406
400, 79
401, 74
153, 378
153, 378
323, 249
323, 249
400, 80
401, 75
385, 135
385, 135
324, 248
324, 248
390, 120
390, 120
342, 223
401, 77
401, 77
33, 407
329, 242
329, 242
325, 248
325, 248
342, 224
401, 80
390, 123
390, 123
326, 247
326, 247
341, 226
339, 229
402, 76
32, 408
391, 121
391, 121
402, 78
339, 230
158, 378
158, 378
327, 247
328, 246
402, 81
402, 81
403, 76
391, 124
391, 124
341, 228
341, 228
392, 121
392, 121
324, 252
403, 78
340, 230
328, 247
325, 251
388, 135
388, 135
159, 379
159, 379
327, 249
344, 225
340, 231
139, 387
32, 410
329, 247
326, 251
35, 410
393, 122
393, 122
342, 229
342, 229
344, 226
344, 226
404, 79
328, 249
56, 408
56, 408
329, 248
329, 248
405, 76
389, 136
389, 136
344, 227
139, 388
139, 388
31, 411
162, 379
162, 379
142, 387
34, 411
326, 253
405, 81
139, 389
409, 58
406, 77
340, 235
34, 412
327, 253
327, 253
163, 380
163, 380
143, 388
328, 252
409, 62
340, 236
406, 81
330, 250
395, 124
395, 124
58, 410
58, 410
406, 82
165, 380
33, 413
346, 228
342, 234
342, 234
329, 252
54, 411
54, 411
407, 79
341, 236
141, 390
331, 250
331, 250
410, 63
346, 229
346, 229
392, 136
332, 249
411, 58
407, 82
396, 125
396, 125
341, 237
163, 382
397, 122
411, 60
346, 230
332, 250
141, 391
141, 391
55, 412
55, 412
144, 390
408, 80
343, 235
343, 235
333, 249
341, 238
341, 238
393, 136
31, 415
393, 137
398, 122
412, 61
166, 382
398, 123
141, 392
410, 75
145, 391
145, 391
30, 416
409, 82
394, 137
409, 82
410, 77
342, 239
342, 239
33, 416
168, 382
412, 67
343, 238
343, 238
399, 123
55, 414
55, 414
169, 382
410, 80
145, 392
145, 392
411, 76
338, 246
341, 242
32, 417
410, 83
410, 83
342, 241
413, 68
169, 383
169, 383
56, 415
56, 415
344, 239
411, 81
396, 137
396, 137
400, 125
146, 393
411, 83
411, 83
413, 73
144, 394
169, 384
343, 242
170, 384
170, 384
344, 241
344, 241
401, 125
397, 138
397, 138
401, 126
171, 384
402, 123
402, 123
144, 395
144, 395
412, 84
414, 74
413, 81
398, 138
398, 138
402, 126
144, 396
345, 242
345, 242
415, 74
335, 256
403, 124
403, 124
413, 85
413, 85
148, 395
414, 82
30, 421
341, 249
403, 126
403, 126
413, 88
413, 88
414, 84
415, 79
399, 139
399, 139
340, 251
416, 75
415, 81
335, 258
416, 76
173, 386
29, 422
339, 253
415, 82
342, 249
347, 242
347, 242
32, 422
348, 241
348, 241
341, 251
414, 89
404, 127
404, 127
405, 124
405, 124
339, 254
342, 250
342, 250
414, 90
352, 236
173, 387
29, 423
149, 397
417, 77
417, 77
31, 423
416, 83
147, 398
337, 258
416, 85
353, 236
415, 90
406, 125
406, 125
173, 388
415, 91
28, 424
58, 421
58, 421
340, 255
416, 87
417, 83
147, 399
147, 399
342, 253
343, 252
56, 422
56, 422
173, 389
173, 389
354, 237
59, 422
59, 422
31, 425
174, 389
174, 389
147, 400
417, 88
417, 88
343, 253
172, 390
403, 139
407, 127
407, 127
415, 98
415, 98
344, 252
175, 389
418, 85
151, 399
151, 399
345, 251
408, 125
57, 423
57, 423
355, 237
30, 426
347, 249
404, 139
355, 238
346, 251
175, 390
419, 85
151, 400
404, 140
408, 128
408, 128
416, 99
416, 99
409, 125
419, 86
149, 401
348, 249
417, 96
417, 96
409, 126
420, 83
420, 83
356, 238
356, 238
405, 140
346, 253
420, 86
420, 86
149, 402
174, 392
410, 126
357, 238
418, 97
418, 97
416, 106
416, 106
421, 84
421, 84
173, 393
173, 393
410, 128
350, 249
350, 249
357, 239
348, 252
421, 86
422, 81
152, 402
421, 87
28, 429
423, 77
423, 77
422, 84
422, 84
407, 140
407, 140
346, 256
358, 239
411, 128
418, 103
418, 103
417, 107
417, 107
174, 394
174, 394
417, 108
411, 129
348, 254
412, 126
412, 126
27, 430
423, 82
423, 82
422, 87
351, 250
351, 250
346, 257
417, 109
424, 78
424, 78
173, 395
151, 404
171, 396
348, 255
423, 85
423, 85
152, 404
408, 141
408, 141
419, 104
419, 104
412, 129
172, 396
172, 396
160, 401
418, 109
413, 127
425, 78
173, 396
419, 106
419, 106
418, 110
349, 255
171, 397
152, 405
349, 256
424, 87
425, 82
425, 82
425, 82
413, 130
413, 130
59, 429
59, 429
30, 432
414, 127
166, 400
426, 78
348, 258
430, 53
426, 79
430, 54
420, 107
420, 107
149, 407
149, 407
425, 85
152, 406
418, 115
410, 141
410, 141
165, 401
426, 81
155, 405
430, 57
418, 116
348, 259
425, 87
425, 87
430, 58
414, 130
161, 403
29, 433
166, 401
426, 83
426, 83
425, 88
60, 430
60, 430
406, 154
431, 53
427, 79
415, 128
162, 403
157, 405
426, 85
348, 260
160, 404
406, 155
415, 129
426, 86
426, 86
352, 255
150, 408
150, 408
57, 431
57, 431
419, 116
350, 258
411, 142
411, 142
415, 130
161, 404
420, 113
427, 83
427, 83
426, 88
348, 261
356, 250
356, 250
419, 117
60, 431
60, 431
169, 401
407, 154
407, 154
420, 114
432, 53
352, 256
355, 252
432, 54
350, 259
405, 160
405, 160
432, 55
419, 119
419, 119
427, 86
432, 56
349, 261
349, 261
58, 432
58, 432
350, 260
350, 260
432, 59
406, 159
406, 159
353, 256
154, 408
432, 60
421, 114
356, 252
428, 84
428, 84
61, 432
61, 432
349, 262
357, 251
357, 251
421, 115
408, 155
408, 155
432, 63
433, 56
358, 250
432, 64
413, 142
433, 57
420, 120
420, 120
351, 260
27, 436
58, 433
58, 433
428, 88
408, 157
365, 241
351, 261
354, 257
421, 119
421, 119
429, 86
429, 86
349, 264
349, 264
414, 142
433, 64
430, 82
26, 437
433, 65
434, 58
434, 58
356, 255
420, 124
154, 410
59, 434
59, 434
351, 262
414, 143
433, 67
433, 67
431, 79
431, 79
408, 160
408, 160
410, 155
410, 155
434, 62
434, 62
351, 263
430, 87
357, 255
422, 120
431, 82
154, 411
415, 143
350, 265
422, 121
367, 241
431, 84
431, 84
421, 125
434, 68
434, 68
430, 90
432, 80
432, 80
352, 263
360, 252
360, 252
434, 69
434, 69
435, 63
435, 63
409, 161
409, 161
350, 266
411, 156
411, 156
431, 87
408, 164
26, 439
416, 143
416, 143
29, 439
435, 66
435, 66
352, 264
363, 249
423, 122
361, 252
404, 175
432, 85
432, 85
409, 163
431, 90
421, 129
351, 266
410, 161
412, 156
435, 70
435, 70
25, 440
405, 174
405, 174
432, 88
28, 440
351, 267
364, 249
411, 160
432, 89
436, 67
436, 67
417, 144
417, 144
435, 74
435, 74
436, 68
436, 68
432, 90
434, 80
434, 80
371, 239
353, 265
353, 265
411, 161
413, 156
422, 130
351, 268
351, 268
423, 127
413, 157
434, 83
28, 441
412, 160
412, 160
353, 266
406, 175
422, 132
150, 416
150, 416
61, 438
434, 85
436, 75
436, 75
371, 241
437, 69
437, 69
435, 81
435, 81
413, 159
353, 267
403, 183
372, 240
414, 157
149, 417
149, 417
27, 442
435, 83
435, 83
437, 72
424, 128
413, 160
436, 78
373, 239
352, 269
352, 269
407, 175
419, 144
419, 144
437, 73
412, 163
404, 182
61, 439
435, 85
435, 85
436, 80
436, 80
374, 238
62, 439
354, 267
423, 133
435, 86
435, 86
424, 130
414, 159
408, 174
435, 87
352, 270
413, 162
59, 440
354, 268
436, 84
436, 84
438, 73
438, 74
368, 249
423, 136
420, 145
420, 145
62, 440
415, 159
437, 81
437, 81
436, 87
354, 269
354, 269
416, 157
438, 77
438, 77
425, 131
436, 88
59, 441
366, 253
436, 89
436, 89
60, 441
402, 191
350, 275
369, 249
343, 284
348, 278
348, 278
358, 265
438, 81
401, 194
361, 261
415, 162
366, 254
403, 190
340, 288
424, 137
356, 268
425, 134
353, 272
149, 420
369, 250
350, 276
346, 281
375, 241
357, 267
342, 286
360, 263
439, 78
439, 78
363, 259
402, 193
343, 285
358, 266
355, 270
338, 291
355, 270
355, 270
355, 270
348, 279
348, 279
439, 79
60, 442
361, 262
376, 240
416, 161
339, 290
437, 90
437, 90
356, 269
422, 145
340, 289
353, 273
148, 421
369, 251
346, 282
335, 295
357, 268
365, 257
439, 81
360, 264
342, 287
424, 140
337, 293
437, 92
437, 92
149, 421
439, 82
366, 256
366, 256
338, 292
378, 238
364, 259
339, 291
439, 83
439, 83
333, 298
333, 298
426, 135
379, 237
417, 161
335, 296
423, 145
148, 422
337, 294
330, 302
331, 301
356, 271
356, 271
423, 146
333, 299
333, 299
418, 160
350, 279
400, 201
351, 278
438, 93
438, 93
425, 141
355, 273
327, 306
380, 237
348, 282
348, 282
371, 251
440, 84
440, 84
329, 304
369, 254
359, 268
344, 287
330, 303
356, 272
356, 272
362, 264
331, 302
426, 139
401, 200
148, 423
148, 423
381, 236
438, 95
438, 95
360, 267
350, 280
370, 253
346, 285
354, 275
368, 256
341, 291
440, 86
366, 259
351, 279
342, 290
425, 143
424, 146
325, 309
364, 262
326, 308
371, 252
440, 87
327, 307
369, 255
348, 283
348, 283
367, 258
329, 305
344, 288
339, 294
374, 248
147, 424
147, 424
370, 254
340, 293
346, 286
341, 292
335, 299
399, 206
342, 291
398, 208
323, 312
324, 311
325, 310
326, 309
337, 297
62, 445
62, 445
427, 140
439, 96
439, 96
425, 146
339, 295
400, 205
340, 294
399, 207
441, 87
333, 302
375, 248
334, 301
427, 141
426, 144
335, 300
441, 88
25, 449
321, 315
322, 314
323, 313
324, 312
362, 267
356, 275
337, 298
376, 247
376, 247
383, 236
360, 270
426, 145
439, 99
439, 99
397, 212
331, 305
331, 305
366, 262
354, 278
366, 262
358, 273
358, 273
333, 303
364, 265
355, 277
334, 302
381, 240
441, 91
441, 91
426, 146
352, 281
359, 272
362, 268
362, 268
63, 446
63, 446
319, 318
320, 317
321, 316
372, 254
322, 315
356, 276
398, 211
370, 257
360, 271
360, 271
382, 239
328, 309
357, 275
357, 275
24, 450
147, 426
147, 426
366, 263
366, 263
377, 247
330, 307
350, 284
354, 279
354, 279
371, 256
331, 306
331, 306
358, 274
364, 266
355, 278
428, 142
347, 288
362, 269
60, 447
60, 447
372, 255
352, 282
352, 282
370, 258
396, 216
319, 319
318, 320
320, 318
317, 321
395, 218
360, 272
440, 100
440, 100
326, 312
375, 251
377, 248
394, 220
146, 427
146, 427
327, 311
328, 310
371, 257
345, 291
354, 280
350, 285
350, 285
389, 229
330, 308
63, 447
63, 447
358, 275
440, 101
440, 101
442, 92
442, 92
397, 215
376, 250
396, 217
347, 289
347, 289
427, 147
395, 219
352, 283
343, 294
375, 252
377, 249
318, 321
317, 322
393, 223
316, 323
315, 324
324, 315
428, 145
325, 314
389, 230
326, 313
327, 312
345, 292
345, 292
392, 225
350, 286
442, 95
442, 95
61, 448
61, 448
341, 297
146, 428
347, 290
394, 222
368, 263
368, 263
393, 224
377, 250
343, 295
343, 295
366, 266
392, 226
428, 147
64, 448
64, 448
322, 318
323, 317
324, 316
316, 324
315, 325
325, 315
364, 269
314, 326
314, 326
345, 293
441, 102
441, 102
27, 452
365, 268
145, 429
341, 298
368, 264
368, 264
373, 257
373, 257
363, 271
371, 260
371, 260
343, 296
441, 104
61, 449
385, 239
146, 429
429, 146
361, 274
380, 247
320, 321
320, 321
322, 319
338, 302
338, 302
323, 318
382, 244
443, 96
443, 96
441, 105
339, 301
314, 327
314, 327
313, 328
313, 328
340, 300
377, 252
379, 249
429, 147
341, 299
341, 299
373, 258
373, 258
373, 258
335, 306
26, 453
376, 254
376, 254
380, 248
380, 248
145, 430
382, 245
382, 245
384, 242
443, 99
338, 303
320, 322
320, 322
319, 323
318, 324
377, 253
377, 253
379, 250
340, 301
313, 329
313, 329
61, 450
140, 432
425, 160
443, 100
311, 331
311, 331
62, 450
390, 233
442, 105
380, 249
382, 246
335, 307
364, 272
364, 272
372, 261
367, 268
370, 264
442, 106
338, 304
362, 275
362, 275
319, 324
318, 325
317, 326
316, 327
145, 431
145, 431
385, 242
371, 263
390, 234
311, 332
311, 332
374, 259
310, 333
310, 333
333, 310
364, 273
442, 108
442, 108
367, 269
367, 269
386, 241
386, 241
335, 308
430, 149
370, 265
370, 265
444, 100
377, 255
62, 451
371, 264
444, 101
144, 432
144, 432
426, 161
317, 327
376, 257
316, 328
316, 328
315, 329
331, 313
395, 227
367, 270
333, 311
333, 311
370, 266
310, 334
310, 334
310, 334
335, 309
299, 344
444, 103
444, 103
308, 336
307, 337
382, 249
431, 149
395, 228
316, 329
315, 330
330, 315
443, 109
443, 109
388, 240
388, 240
314, 331
331, 314
331, 314
313, 332
144, 433
333, 312
387, 242
443, 110
443, 110
380, 253
308, 337
389, 239
307, 338
388, 241
388, 241
329, 317
329, 317
375, 261
330, 316
331, 315
314, 332
373, 264
432, 149
432, 149
445, 104
445, 104
313, 333
313, 333
311, 335
311, 335
144, 434
401, 220
377, 259
385, 247
306, 340
445, 106
445, 106
375, 262
375, 262
64, 453
305, 341
305, 341
327, 320
373, 265
329, 318
142, 435
380, 255
384, 249
444, 111
444, 111
376, 261
386, 246
313, 334
391, 238
388, 243
311, 336
311, 336
401, 221
310, 337
444, 112
377, 260
375, 263
387, 245
389, 242
444, 113
382, 253
382, 253
380, 256
380, 256
429, 161
327, 321
305, 342
305, 342
433, 150
433, 150
329, 319
304, 343
304, 343
388, 244
381, 255
379, 258
379, 258
64, 454
142, 436
142, 436
387, 246
311, 337
392, 238
65, 454
310, 338
310, 338
446, 107
446, 107
309, 339
382, 254
382, 254
380, 257
384, 251
308, 340
308, 340
391, 240
446, 108
325, 324
326, 323
327, 322
327, 322
406, 214
317, 332
304, 344
304, 344
395, 234
392, 239
445, 113
446, 109
303, 345
62, 455
302, 346
394, 236
391, 241
391, 241
386, 249
310, 339
445, 114
406, 215
371, 271
142, 437
430, 162
308, 341
383, 254
307, 342
369, 274
369, 274
65, 455
325, 325
325, 325
395, 235
445, 115
445, 115
324, 326
326, 324
377, 263
377, 263
375, 266
375, 266
394, 237
394, 237
370, 273
140, 438
380, 259
386, 250
303, 346
378, 262
396, 234
368, 276
368, 276
302, 347
302, 347
447, 109
374, 268
301, 348
435, 150
435, 150
387, 249
62, 456
369, 275
369, 275
366, 279
366, 279
377, 264
377, 264
308, 342
389, 246
389, 246
307, 343
325, 326
63, 456
324, 327
447, 110
375, 267
306, 344
306, 344
386, 251
431, 162
368, 277
368, 277
411, 208
365, 281
365, 281
392, 242
302, 348
140, 439
140, 439
389, 247
389, 247
389, 247
447, 112
447, 112
366, 280
366, 280
397, 234
372, 272
372, 272
446, 116
446, 116
301, 349
391, 244
363, 284
375, 268
300, 350
300, 350
324, 328
324, 328
323, 329
322, 330
364, 283
411, 209
306, 345
306, 345
305, 346
305, 346
365, 282
365, 282
374, 270
63, 457
362, 286
446, 118
436, 151
436, 151
363, 285
363, 285
380, 262
360, 289
364, 284
364, 284
432, 163
140, 440
300, 351
300, 351
323, 330
322, 331
322, 331
361, 288
321, 332
371, 275
371, 275
299, 352
299, 352
379, 264
362, 287
377, 267
305, 347
305, 347
415, 203
372, 274
372, 274
448, 113
448, 113
304, 348
304, 348
388, 251
363, 286
390, 248
390, 248
370, 277
370, 277
378, 266
360, 290
448, 114
448, 114
376, 269
385, 256
437, 151
387, 253
387, 253
394, 242
371, 276
371, 276
368, 280
415, 204
361, 289
432, 165
379, 265
379, 265
322, 332
321, 333
396, 239
396, 239
377, 268
377, 268
393, 244
299, 353
386, 255
388, 252
375, 271
398, 236
390, 249
390, 249
395, 241
359, 292
378, 267
370, 278
447, 120
367, 282
304, 349
304, 349
297, 355
385, 257
360, 291
360, 291
394, 243
387, 254
387, 254
394, 243
400, 233
383, 260
383, 260
303, 350
368, 281
368, 281
302, 351
396, 240
365, 285
365, 285
357, 295
357, 295
393, 245
393, 245
377, 269
386, 256
382, 262
382, 262
398, 237
398, 237
395, 242
321, 334
321, 334
358, 294
390, 250
366, 284
320, 335
438, 151
319, 336
447, 122
447, 122
299, 354
370, 279
400, 234
400, 234
419, 198
394, 244
367, 283
385, 258
385, 258
383, 261
383, 261
449, 115
449, 115
403, 229
381, 264
381, 264
65, 459
65, 459
297, 356
356, 297
368, 282
438, 152
393, 246
303, 351
365, 286
433, 166
398, 238
357, 296
382, 263
382, 263
302, 352
302, 352
419, 199
366, 285
301, 353
400, 235
363, 289
363, 289
449, 117
320, 336
403, 230
319, 337
319, 337
448, 121
318, 338
355, 299
355, 299
406, 225
449, 118
356, 298
63, 460
63, 460
365, 287
365, 287
297, 357
297, 357
357, 297
380, 267
380, 267
433, 168
422, 194
362, 291
362, 291
403, 231
296, 358
296, 358
302, 353
439, 152
448, 123
448, 123
363, 290
363, 290
406, 226
354, 301
354, 301
301, 354
381, 266
381, 266
66, 460
66, 460
134, 445
319, 338
355, 300
355, 300
360, 294
318, 339
448, 124
448, 124
422, 195
435, 164
380, 268
362, 292
352, 304
387, 258
389, 255
385, 261
353, 303
450, 118
129, 447
296, 359
359, 296
354, 302
354, 302
404, 231
64, 461
64, 461
295, 360
360, 295
360, 295
384, 263
301, 355
301, 355
408, 224
450, 119
440, 152
440, 152
130, 447
318, 340
318, 340
380, 269
317, 341
317, 341
351, 306
299, 357
299, 357
387, 259
387, 259
389, 256
389, 256
385, 262
385, 262
134, 446
134, 446
66, 461
66, 461
362, 293
383, 265
434, 169
352, 305
352, 305
410, 221
393, 250
353, 304
359, 297
435, 167
450, 121
450, 121
384, 264
384, 264
403, 234
296, 360
360, 296
449, 125
449, 125
434, 170
295, 361
387, 260
389, 257
410, 222
385, 263
383, 266
357, 300
357, 300
351, 307
393, 251
393, 251
317, 342
294, 362
294, 362
316, 343
381, 269
64, 462
352, 306
299, 358
384, 265
359, 298
359, 298
298, 359
449, 127
449, 127
134, 447
405, 232
405, 232
437, 164
441, 153
441, 153
409, 225
67, 462
67, 462
356, 302
398, 244
393, 252
404, 234
404, 234
383, 267
350, 309
350, 309
357, 301
351, 308
351, 308
317, 343
316, 344
294, 363
299, 359
382, 269
451, 122
451, 122
405, 233
405, 233
436, 168
293, 364
401, 240
298, 360
398, 245
398, 245
355, 304
355, 304
348, 312
64, 463
435, 171
383, 268
349, 311
451, 123
356, 303
65, 463
350, 310
350, 310
397, 247
397, 247
357, 302
436, 169
410, 225
399, 244
131, 449
442, 153
451, 124
316, 345
316, 345
401, 241
450, 128
450, 128
398, 246
294, 364
315, 346
315, 346
354, 306
354, 306
355, 305
355, 305
438, 165
348, 313
293, 365
430, 185
349, 312
435, 173
410, 226
297, 362
296, 363
296, 363
450, 130
450, 130
413, 221
353, 308
353, 308
393, 255
430, 186
65, 464
395, 252
354, 307
354, 307
346, 316
410, 227
347, 315
443, 153
131, 450
452, 124
348, 314
348, 314
394, 254
293, 366
293, 366
413, 222
413, 222
437, 170
398, 248
452, 125
407, 233
292, 367
292, 367
443, 154
393, 256
352, 310
352, 310
400, 245
353, 309
353, 309
397, 250
416, 217
452, 126
346, 317
433, 181
347, 316
413, 223
413, 223
315, 348
315, 348
436, 174
314, 349
314, 349
407, 234
452, 127
400, 246
351, 312
351, 312
437, 172
451, 131
131, 451
416, 218
416, 218
433, 182
352, 311
352, 311
292, 368
292, 368
436, 175
345, 319
345, 319
346, 318
346, 318
296, 365
296, 365
291, 369
291, 369
444, 154
444, 154
418, 215
417, 217
295, 366
295, 366
416, 219
416, 219
395, 255
350, 314
350, 314
314, 350
397, 252
351, 313
351, 313
313, 351
130, 452
396, 254
343, 322
453, 127
420, 212
344, 321
418, 216
398, 251
398, 251
345, 320
345, 320
436, 177
131, 452
400, 248
395, 256
414, 224
291, 370
291, 370
453, 128
397, 253
67, 466
349, 316
349, 316
399, 250
441, 165
295, 367
295, 367
350, 315
350, 315
290, 371
290, 371
445, 154
420, 213
420, 213
438, 173
436, 178
314, 351
401, 247
396, 255
453, 129
453, 129
294, 368
294, 368
313, 352
437, 176
343, 323
452, 133
400, 249
344, 322
445, 155
130, 453
420, 214
399, 251
348, 318
348, 318
404, 243
417, 220
417, 220
349, 317
349, 317
414, 226
452, 135
452, 135
67, 467
313, 353
313, 353
342, 325
294, 369
294, 369
423, 209
402, 247
343, 324
312, 354
312, 354
68, 467
293, 370
293, 370
404, 244
129, 454
129, 454
347, 320
348, 319
442, 166
446, 155
454, 130
454, 130
423, 210
421, 214
408, 238
418, 220
418, 220
290, 373
290, 373
342, 326
65, 468
65, 468
343, 325
454, 131
415, 226
346, 322
346, 322
347, 321
293, 371
348, 320
440, 173
454, 132
288, 375
288, 375
408, 239
68, 468
292, 372
416, 225
453, 136
453, 136
443, 166
447, 155
447, 155
341, 328
341, 328
424, 210
342, 327
342, 327
421, 216
403, 248
453, 137
453, 137
345, 324
346, 323
312, 356
312, 356
311, 357
311, 357
293, 372
66, 469
66, 469
421, 217
292, 373
413, 232
403, 249
455, 132
418, 223
340, 330
340, 330
417, 225
341, 329
341, 329
345, 325
346, 324
455, 133
455, 133
422, 216
413, 233
418, 224
418, 224
455, 134
444, 167
405, 247
448, 156
288, 377
292, 374
292, 374
339, 332
424, 213
454, 138
454, 138
340, 331
287, 378
344, 327
344, 327
345, 326
345, 326
291, 375
291, 375
418, 225
406, 246
406, 246
454, 139
454, 139
408, 243
68, 470
68, 470
424, 214
311, 359
407, 245
444, 169
310, 360
410, 240
410, 240
339, 333
340, 332
288, 378
409, 242
417, 228
343, 329
343, 329
456, 134
344, 328
344, 328
449, 156
425, 213
372, 296
372, 296
408, 244
287, 379
405, 249
291, 376
291, 376
373, 295
456, 135
407, 246
410, 241
410, 241
290, 377
290, 377
449, 157
413, 236
311, 360
409, 243
412, 238
310, 361
427, 210
456, 136
456, 136
338, 335
338, 335
339, 334
339, 334
415, 233
342, 331
343, 330
69, 471
69, 471
414, 235
455, 140
455, 140
419, 226
418, 228
287, 380
287, 380
427, 211
455, 141
455, 141
286, 381
286, 381
419, 227
66, 472
66, 472
450, 157
132, 458
342, 332
343, 331
428, 210
429, 208
457, 137
457, 137
286, 382
286, 382
429, 209
290, 379
290, 379
337, 338
338, 337
338, 337
337, 338
341, 334
342, 333
421, 225
310, 363
310, 363
457, 138
285, 383
285, 383
289, 380
289, 380
411, 243
411, 243
309, 364
309, 364
374, 297
374, 297
456, 142
456, 142
132, 459
430, 208
430, 208
413, 240
457, 139
423, 222
67, 473
67, 473
375, 296
129, 460
129, 460
371, 301
371, 301
422, 224
409, 247
412, 242
412, 242
372, 300
372, 300
456, 143
411, 244
69, 473
69, 473
341, 335
414, 239
342, 334
413, 241
456, 144
289, 381
289, 381
416, 236
288, 382
288, 382
452, 157
429, 212
425, 220
458, 139
433, 204
67, 474
340, 337
337, 340
340, 337
341, 336
336, 341
341, 336
416, 237
415, 239
415, 239
458, 140
458, 140
419, 232
429, 213
430, 211
130, 461
130, 461
431, 209
431, 209
285, 385
418, 234
433, 205
70, 474
70, 474
417, 236
417, 236
457, 144
413, 243
413, 243
288, 383
458, 141
284, 386
421, 229
416, 238
287, 384
339, 339
340, 338
337, 341
419, 233
419, 233
453, 157
336, 342
457, 145
418, 235
418, 235
67, 475
421, 230
421, 230
309, 367
309, 367
416, 239
285, 386
68, 475
428, 217
308, 368
308, 368
432, 209
432, 209
419, 234
373, 302
288, 384
424, 225
418, 236
284, 387
455, 153
374, 301
339, 340
340, 339
370, 306
370, 306
336, 343
336, 343
335, 344
335, 344
459, 141
287, 385
421, 231
371, 305
371, 305
429, 216
455, 154
455, 154
433, 208
415, 242
435, 204
459, 142
424, 226
424, 226
423, 228
423, 228
373, 303
369, 308
455, 155
374, 302
458, 146
459, 143
459, 143
370, 307
427, 221
68, 476
284, 388
284, 388
412, 248
412, 248
425, 225
425, 225
435, 205
130, 463
130, 463
415, 243
415, 243
424, 227
457, 150
283, 389
283, 389
432, 212
413, 247
413, 247
427, 222
427, 222
369, 309
457, 151
457, 151
436, 204
436, 204
370, 308
370, 308
411, 251
411, 251
335, 346
335, 346
457, 152
334, 347
334, 347
421, 234
427, 223
427, 223
420, 236
410, 253
410, 253
287, 387
283, 390
424, 229
412, 250
412, 250
458, 150
458, 150
423, 231
409, 255
460, 144
460, 144
286, 388
282, 391
432, 214
430, 218
411, 252
411, 252
70, 477
434, 210
434, 210
131, 464
131, 464
308, 371
408, 257
426, 226
426, 226
339, 343
339, 343
338, 344
338, 344
416, 244
410, 254
307, 372
438, 202
334, 348
333, 349
418, 241
409, 256
409, 256
459, 149
435, 209
287, 388
406, 261
283, 391
437, 205
437, 205
26, 482
426, 227
426, 227
408, 258
438, 203
286, 389
371, 309
371, 309
410, 255
459, 150
282, 392
460, 147
372, 308
308, 372
461, 144
461, 144
431, 218
285, 390
285, 390
409, 257
334, 349
428, 224
373, 307
373, 307
307, 373
70, 478
333, 350
404, 265
438, 204
438, 204
460, 148
71, 478
439, 202
408, 259
408, 259
424, 232
462, 142
403, 267
432, 217
432, 217
371, 310
435, 211
461, 146
372, 309
462, 143
426, 229
338, 346
338, 346
404, 266
337, 347
337, 347
406, 263
27, 483
68, 479
68, 479
430, 222
403, 268
463, 141
427, 228
427, 228
414, 251
417, 246
420, 241
71, 479
404, 267
463, 142
416, 248
416, 248
413, 253
413, 253
433, 217
435, 213
419, 243
464, 139
438, 207
415, 250
422, 238
422, 238
418, 245
282, 394
462, 146
412, 255
403, 269
333, 352
333, 352
332, 353
332, 353
409, 260
285, 392
464, 140
417, 247
414, 252
420, 242
420, 242
411, 257
281, 395
424, 235
432, 220
436, 212
416, 249
416, 249
437, 210
437, 210
430, 224
413, 254
419, 244
284, 393
439, 206
69, 480
69, 480
410, 259
422, 239
422, 239
415, 251
418, 246
465, 138
368, 316
368, 316
412, 256
412, 256
426, 232
407, 264
369, 315
369, 315
409, 261
434, 217
420, 243
435, 215
424, 236
424, 236
411, 258
431, 223
431, 223
438, 209
332, 354
465, 139
282, 395
331, 355
406, 266
413, 255
285, 393
422, 240
410, 260
426, 233
426, 233
281, 396
412, 257
405, 268
407, 265
434, 218
284, 394
432, 222
409, 262
431, 224
424, 237
429, 228
428, 230
426, 234
332, 355
331, 356
433, 221
433, 221
432, 223
438, 211
307, 377
307, 377
405, 269
465, 142
71, 481
71, 481
430, 227
429, 229
306, 378
306, 378
428, 231
281, 397
281, 397
406, 268
465, 143
435, 218
436, 216
436, 216
434, 220
24, 486
280, 398
280, 398
431, 226
430, 228
443, 202
69, 482
69, 482
131, 469
131, 469
436, 217
436, 217
468, 135
370, 317
370, 317
429, 231
429, 231
467, 139
284, 396
337, 352
337, 352
371, 316
371, 316
336, 353
336, 353
72, 482
72, 482
436, 218
438, 214
438, 214
469, 133
467, 140
467, 140
283, 397
331, 358
331, 358
67, 483
330, 359
330, 359
25, 487
442, 206
467, 141
427, 236
470, 131
70, 483
70, 483
430, 231
284, 397
132, 470
132, 470
470, 132
429, 233
280, 400
428, 235
283, 398
441, 210
279, 401
430, 232
430, 232
282, 399
282, 399
469, 137
429, 234
445, 202
428, 236
436, 221
435, 223
441, 211
441, 211
469, 138
367, 323
367, 323
76, 483
368, 322
368, 322
470, 135
430, 233
280, 401
445, 203
470, 136
441, 212
434, 226
72, 484
72, 484
279, 402
442, 210
442, 210
366, 325
366, 325
336, 356
336, 356
367, 324
367, 324
335, 357
335, 357
472, 130
438, 219
473, 127
434, 227
434, 227
330, 362
330, 362
329, 363
329, 363
473, 128
70, 485
70, 485
132, 472
132, 472
436, 224
436, 224
434, 228
472, 133
488, 49
73, 485
73, 485
473, 130
441, 215
472, 134
443, 211
443, 211
488, 52
489, 42
446, 205
447, 203
488, 54
306, 384
306, 384
439, 220
439, 220
282, 402
438, 222
369, 324
369, 324
437, 224
437, 224
489, 45
333, 361
370, 323
370, 323
71, 486
71, 486
305, 385
305, 385
446, 206
281, 403
133, 473
329, 365
329, 365
448, 202
328, 366
328, 366
439, 221
438, 223
444, 211
444, 211
476, 123
474, 131
279, 405
448, 203
282, 403
476, 124
441, 218
442, 216
442, 216
278, 406
281, 404
475, 129
368, 327
133, 474
490, 48
449, 202
369, 326
441, 219
442, 217
438, 225
73, 487
437, 227
475, 130
134, 474
279, 406
478, 120
278, 407
368, 328
490, 54
447, 208
369, 327
478, 121
448, 206
440, 223
439, 225
438, 227
438, 227
137, 474
73, 488
134, 475
134, 475
74, 488
449, 205
449, 205
490, 60
440, 224
440, 224
27, 493
439, 226
490, 61
446, 212
335, 363
335, 363
478, 125
71, 489
440, 225
446, 213
480, 118
447, 211
478, 126
328, 370
328, 370
134, 476
480, 119
278, 409
278, 409
327, 371
327, 371
74, 489
281, 407
281, 407
451, 203
443, 220
452, 201
481, 116
277, 410
277, 410
280, 408
280, 408
449, 208
449, 208
450, 206
450, 206
481, 117
443, 221
444, 219
452, 202
452, 202
71, 490
492, 56
449, 209
449, 209
72, 490
450, 207
336, 364
336, 364
365, 335
365, 335
366, 334
366, 334
452, 203
482, 115
74, 490
74, 490
333, 367
333, 367
138, 476
332, 368
25, 495
492, 60
26, 495
481, 120
482, 116
28, 495
451, 206
29, 495
481, 121
446, 217
136, 477
483, 113
364, 337
364, 337
365, 336
365, 336
449, 211
481, 122
72, 491
483, 114
452, 205
443, 224
482, 119
280, 410
280, 410
138, 477
450, 210
450, 210
75, 491
75, 491
482, 120
364, 338
364, 338
27, 496
27, 496
456, 197
279, 411
279, 411
480, 128
484, 112
139, 477
139, 477
336, 366
336, 366
29, 496
335, 367
335, 367
448, 215
136, 478
136, 478
484, 113
451, 209
332, 370
140, 477
456, 198
457, 196
445, 222
444, 224
446, 220
485, 110
427, 255
448, 216
73, 492
73, 492
485, 111
327, 375
327, 375
326, 376
326, 376
484, 116
445, 223
446, 221
447, 219
458, 195
332, 371
332, 371
136, 479
331, 372
331, 372
484, 117
454, 205
365, 339
365, 339
458, 196
447, 220
448, 218
448, 218
459, 194
451, 212
427, 257
485, 115
455, 204
75, 493
75, 493
485, 116
456, 202
451, 213
364, 341
364, 341
365, 340
365, 340
487, 108
453, 209
367, 338
367, 338
277, 415
277, 415
486, 113
458, 198
368, 337
368, 337
461, 191
499, 6
487, 109
486, 114
276, 416
276, 416
460, 194
453, 210
141, 479
73, 494
461, 192
461, 192
138, 480
364, 342
462, 190
488, 107
142, 479
487, 112
458, 200
461, 193
454, 209
454, 209
76, 494
76, 494
455, 207
487, 113
489, 105
455, 208
73, 495
138, 481
138, 481
457, 204
445, 229
463, 190
463, 190
74, 495
436, 246
464, 188
490, 103
27, 500
435, 248
364, 344
29, 500
143, 480
434, 250
457, 205
438, 243
279, 416
279, 416
490, 104
366, 342
366, 342
461, 196
430, 257
367, 341
367, 341
458, 203
427, 262
433, 252
489, 109
464, 189
501, 6
436, 247
429, 259
455, 210
455, 210
441, 238
144, 480
432, 254
278, 417
278, 417
440, 240
489, 110
435, 249
434, 251
138, 482
458, 204
438, 244
464, 190
444, 233
430, 258
443, 235
454, 213
491, 102
74, 496
433, 253
490, 107
424, 268
441, 239
463, 193
432, 255
440, 241
491, 103
426, 265
490, 108
490, 108
76, 496
447, 228
446, 230
446, 230
428, 262
444, 234
443, 236
465, 189
465, 189
455, 212
490, 109
427, 264
456, 210
456, 210
492, 100
461, 199
429, 261
449, 225
426, 266
447, 229
492, 101
446, 231
421, 274
423, 271
501, 38
501, 38
499, 59
499, 59
461, 200
501, 40
501, 40
424, 270
449, 226
501, 41
501, 41
451, 222
76, 497
463, 196
493, 99
466, 189
423, 272
77, 497
326, 383
326, 383
458, 208
493, 100
325, 384
325, 384
465, 192
492, 105
499, 64
499, 64
459, 206
420, 277
451, 223
453, 219
463, 197
463, 197
435, 253
466, 190
492, 106
438, 248
145, 482
434, 255
419, 279
421, 276
442, 241
437, 250
74, 498
502, 39
502, 39
441, 243
433, 257
430, 262
463, 198
500, 60
500, 60
453, 220
460, 205
440, 245
146, 482
146, 482
493, 103
455, 216
420, 278
418, 281
432, 259
429, 264
143, 483
435, 254
502, 42
502, 42
444, 238
438, 249
493, 104
434, 256
499, 70
499, 70
442, 242
147, 482
77, 498
419, 280
500, 63
500, 63
437, 251
417, 283
441, 244
460, 206
460, 206
499, 71
499, 71
433, 258
430, 263
447, 233
455, 217
440, 246
446, 235
427, 268
457, 213
432, 260
500, 65
500, 65
495, 96
495, 96
418, 282
444, 239
363, 350
363, 350
364, 349
364, 349
426, 270
466, 193
466, 193
466, 193
495, 97
495, 97
494, 102
74, 499
449, 230
447, 234
467, 191
467, 191
415, 287
446, 236
457, 214
494, 103
427, 269
500, 69
500, 69
459, 210
466, 194
429, 266
424, 274
496, 94
147, 483
467, 192
449, 231
144, 484
144, 484
495, 100
496, 95
78, 499
78, 499
276, 423
276, 423
423, 276
335, 378
335, 378
417, 285
500, 72
500, 72
148, 483
148, 483
334, 379
334, 379
459, 211
495, 101
145, 484
145, 484
461, 207
461, 207
452, 226
453, 224
275, 424
275, 424
424, 275
426, 272
149, 483
414, 290
468, 191
421, 280
497, 93
415, 289
76, 500
461, 208
496, 99
413, 292
452, 227
453, 225
497, 94
455, 221
496, 100
414, 291
412, 294
423, 278
305, 404
305, 404
498, 91
455, 222
457, 218
413, 293
497, 97
497, 97
498, 92
420, 283
502, 67
502, 67
464, 203
500, 81
497, 98
497, 98
421, 282
76, 501
457, 219
459, 215
464, 204
78, 501
78, 501
418, 287
275, 426
275, 426
499, 90
411, 297
466, 200
502, 72
502, 72
499, 91
459, 216
412, 296
274, 427
274, 427
417, 289
461, 212
466, 201
420, 285
503, 68
503, 68
306, 405
306, 405
418, 288
150, 485
76, 502
468, 197
365, 353
365, 353
499, 94
499, 94
366, 352
366, 352
461, 213
278, 425
278, 425
151, 485
499, 95
499, 95
463, 209
503, 71
503, 71
415, 293
410, 300
277, 426
277, 426
468, 198
79, 502
79, 502
411, 299
502, 80
463, 210
409, 302
417, 291
501, 87
501, 87
410, 301
501, 88
501, 88
76, 503
77, 503
471, 193
466, 205
501, 91
152, 486
502, 86
501, 92
471, 194
408, 305
466, 206
153, 486
414, 297
409, 304
468, 202
415, 296
407, 307
503, 83
77, 504
413, 299
503, 84
408, 306
502, 90
414, 298
468, 203
79, 504
502, 91
412, 301
474, 189
413, 300
153, 487
503, 88
474, 190
154, 487
154, 487
503, 89
406, 310
471, 198
407, 309
476, 186
155, 487
79, 505
411, 304
504, 86
80, 505
505, 80
471, 199
476, 187
412, 303
504, 87
504, 87
505, 81
505, 81
150, 489
277, 430
277, 430
325, 395
325, 395
306, 410
306, 410
505, 82
473, 195
504, 88
151, 489
276, 431
276, 431
77, 506
77, 506
473, 196
155, 488
505, 85
506, 79
410, 307
505, 86
80, 506
506, 80
404, 315
156, 488
411, 306
479, 182
409, 309
406, 313
151, 490
479, 183
410, 308
507, 77
476, 191
326, 396
326, 396
78, 507
507, 78
307, 411
307, 411
476, 192
403, 318
81, 507
81, 507
508, 75
404, 317
157, 489
157, 489
507, 82
507, 82
408, 312
478, 188
508, 76
508, 76
507, 83
507, 83
508, 77
409, 311
482, 178
78, 508
152, 491
152, 491
478, 189
79, 508
482, 179
159, 489
159, 489
508, 80
508, 81
407, 315
483, 178
408, 314
481, 184
484, 176
402, 322
79, 509
509, 79
406, 317
510, 73
403, 321
509, 80
485, 174
407, 316
150, 493
150, 493
510, 74
510, 74
484, 177
481, 185
81, 509
81, 509
307, 414
160, 490
401, 324
485, 175
402, 323
334, 393
334, 393
161, 490
510, 77
510, 78
326, 400
326, 400
79, 510
79, 510
405, 320
511, 73
307, 415
406, 319
484, 180
511, 75
511, 75
154, 493
82, 510
82, 510
511, 76
400, 327
161, 491
484, 181
488, 170
511, 77
401, 326
308, 415
162, 491
488, 171
335, 394
335, 394
80, 511
163, 491
163, 491
327, 401
327, 401
82, 511
308, 416
363, 369
363, 369
362, 370
362, 370
487, 176
404, 324
405, 323
487, 177
403, 326
404, 325
164, 492
164, 492
165, 492
492, 165
398, 333
400, 331
308, 418
308, 418
166, 492
492, 166
490, 172
490, 173
494, 162
402, 330
166, 493
494, 163
403, 329
157, 496
167, 493
167, 493
309, 419
309, 419
397, 337
168, 493
493, 168
398, 336
493, 169
401, 333
327, 406
327, 406
402, 332
400, 335
168, 494
401, 334
333, 402
169, 494
309, 421
309, 421
328, 407
328, 407
171, 494
171, 494
499, 156
156, 499
497, 163
499, 157
396, 342
335, 402
335, 402
397, 341
497, 164
362, 378
362, 378
361, 379
361, 379
399, 339
310, 422
310, 422
400, 338
156, 500
156, 500
395, 344
331, 406
331, 406
396, 343
499, 160
172, 495
172, 495
499, 161
310, 423
502, 152
174, 495
336, 403
336, 403
156, 501
398, 342
502, 153
399, 341
175, 495
328, 410
328, 410
332, 407
332, 407
310, 424
311, 424
160, 501
175, 496
505, 148
158, 502
176, 496
503, 155
394, 349
395, 348
329, 411
329, 411
505, 149
397, 346
177, 496
177, 496
503, 156
311, 425
398, 345
160, 502
158, 503
311, 426
311, 426
332, 410
332, 410
178, 497
178, 497
329, 413
329, 413
361, 386
361, 386
507, 150
312, 427
312, 427
393, 354
333, 411
333, 411
394, 353
507, 151
330, 414
330, 414
510, 143
396, 352
397, 351
362, 387
362, 387
184, 497
184, 497
361, 388
361, 388
336, 410
336, 410
392, 357
393, 356
162, 505
395, 354
312, 429
312, 429
510, 146
396, 353
511, 143
361, 389
361, 389
510, 147
392, 358
393, 357
330, 416
330, 416
511, 145
185, 498
276, 454
276, 454
337, 411
337, 411
160, 507
313, 430
161, 507
161, 507
333, 415
333, 415
362, 390
362, 390
185, 499
511, 149
394, 358
331, 417
331, 417
186, 499
313, 431
277, 455
277, 455
511, 151
362, 391
362, 391
164, 507
394, 359
395, 358
165, 507
162, 508
314, 431
334, 416
334, 416
189, 499
189, 499
331, 419
331, 419
314, 432
174, 505
162, 509
363, 392
363, 392
163, 509
163, 509
274, 459
274, 459
164, 509
158, 511
190, 500
190, 500
391, 365
391, 365
392, 364
392, 364
334, 418
171, 507
191, 500
277, 458
277, 458
332, 420
332, 420
337, 416
337, 416
172, 507
315, 433
315, 433
390, 367
390, 367
391, 366
391, 366
192, 500
173, 507
179, 505
334, 419
275, 460
275, 460
168, 509
171, 508
174, 507
335, 419
192, 501
278, 459
278, 459
338, 417
338, 417
193, 501
332, 422
332, 422
171, 509
171, 509
168, 510
174, 508
165, 511
393, 366
315, 435
315, 435
394, 365
335, 420
169, 510
169, 510
166, 511
175, 508
178, 507
170, 510
170, 510
195, 501
176, 508
176, 508
275, 462
275, 462
393, 367
394, 366
196, 501
180, 507
180, 507
335, 421
335, 421
333, 423
333, 423
392, 369
392, 369
192, 503
393, 368
393, 368
316, 436
170, 511
193, 503
177, 509
177, 509
196, 502
276, 463
276, 463
338, 420
338, 420
333, 424
197, 502
181, 508
181, 508
181, 508
316, 437
336, 422
336, 422
179, 509
317, 437
180, 509
180, 509
333, 425
336, 423
339, 421
339, 421
334, 425
317, 438
317, 438
201, 502
201, 502
180, 510
186, 508
189, 507
181, 510
334, 426
334, 426
187, 508
317, 439
202, 503
202, 503
334, 427
187, 509
390, 377
185, 510
185, 510
188, 509
335, 427
339, 424
205, 503
205, 503
193, 508
319, 440
278, 467
335, 428
339, 425
186, 511
189, 510
189, 510
276, 469
190, 510
340, 425
319, 441
319, 441
278, 468
206, 504
206, 504
188, 511
189, 511
207, 504
207, 504
279, 468
336, 429
276, 470
340, 426
319, 442
198, 508
198, 508
392, 379
277, 470
194, 510
336, 430
279, 469
391, 381
365, 406
365, 406
195, 510
208, 505
208, 505
337, 430
277, 471
199, 509
363, 409
363, 409
195, 511
321, 443
337, 431
337, 431
196, 511
366, 407
366, 407
321, 444
321, 444
337, 432
208, 507
198, 511
213, 505
213, 505
340, 430
340, 430
201, 510
201, 510
364, 410
364, 410
209, 507
321, 445
200, 511
279, 473
279, 473
322, 445
322, 445
204, 510
204, 510
214, 506
214, 506
341, 431
341, 431
215, 506
277, 475
277, 475
323, 445
216, 506
341, 432
341, 432
280, 474
280, 474
205, 511
323, 446
323, 446
216, 507
278, 476
278, 476
340, 434
217, 507
323, 447
342, 433
342, 433
278, 477
278, 477
340, 435
280, 476
280, 476
219, 507
342, 434
220, 507
340, 436
340, 436
322, 450
342, 435
279, 478
279, 478
325, 448
364, 417
364, 417
220, 508
281, 477
281, 477
343, 435
221, 508
366, 416
366, 416
325, 449
325, 449
341, 437
341, 437
343, 436
223, 508
223, 508
365, 418
365, 418
341, 438
341, 438
325, 450
325, 450
324, 451
324, 451
367, 417
367, 417
343, 437
343, 437
224, 509
224, 509
281, 480
342, 439
342, 439
225, 509
225, 509
279, 482
344, 438
367, 419
367, 419
281, 481
342, 440
342, 440
282, 481
344, 439
324, 454
324, 454
279, 483
226, 510
226, 510
226, 510
327, 452
327, 452
224, 511
365, 422
365, 422
326, 453
280, 483
225, 511
225, 511
345, 439
368, 420
368, 420
282, 482
228, 510
343, 441
229, 510
345, 440
325, 455
280, 484
366, 423
366, 423
343, 442
345, 441
325, 456
229, 511
280, 485
280, 485
344, 442
230, 511
345, 442
231, 511
282, 485
282, 485
330, 454
281, 486
281, 486
327, 457
330, 455
330, 455
345, 444
347, 443
327, 458
327, 458
330, 456
346, 444
346, 444
281, 488
327, 459
368, 427
284, 487
366, 429
366, 429
368, 428
282, 489
369, 428
367, 430
367, 430
329, 460
369, 429
508, 250
284, 490
329, 461
507, 253
508, 251
505, 257
510, 247
367, 432
367, 432
507, 254
508, 252
506, 256
282, 492
505, 258
510, 248
510, 248
504, 260
502, 264
369, 431
369, 431
508, 253
507, 255
507, 255
506, 257
510, 249
505, 259
511, 247
504, 261
503, 263
502, 265
285, 491
330, 462
505, 260
504, 262
504, 262
503, 264
501, 268
501, 268
500, 270
500, 270
368, 433
368, 433
499, 272
330, 463
502, 267
502, 267
501, 269
501, 269
500, 271
370, 432
370, 432
499, 273
510, 252
498, 275
331, 463
500, 272
499, 274
509, 255
509, 255
510, 253
508, 257
508, 257
511, 251
507, 259
507, 259
498, 276
285, 493
497, 278
497, 278
496, 280
510, 254
510, 254
509, 256
509, 256
511, 252
499, 275
508, 258
508, 258
506, 262
506, 262
284, 494
505, 264
505, 264
498, 277
498, 277
504, 266
504, 266
497, 279
331, 464
331, 464
496, 281
495, 283
507, 261
507, 261
506, 263
506, 263
505, 265
505, 265
333, 463
503, 269
497, 280
502, 271
502, 271
496, 282
495, 284
331, 465
494, 286
494, 286
504, 268
503, 270
501, 274
501, 274
496, 283
495, 285
495, 285
504, 269
368, 437
502, 273
502, 273
493, 289
493, 289
500, 277
499, 279
499, 279
334, 464
334, 464
494, 288
494, 288
370, 436
370, 436
501, 276
368, 438
500, 278
492, 292
287, 495
335, 464
498, 282
498, 282
284, 497
511, 258
493, 291
501, 277
492, 293
499, 281
499, 281
369, 438
333, 466
491, 295
491, 295
511, 259
497, 285
497, 285
490, 297
493, 292
496, 287
496, 287
492, 294
492, 294
492, 294
371, 437
371, 437
498, 284
498, 284
491, 296
497, 286
497, 286
369, 439
490, 298
333, 467
495, 290
285, 498
491, 297
496, 289
338, 464
338, 464
495, 291
337, 465
337, 465
493, 295
493, 295
496, 290
489, 302
489, 302
287, 498
494, 294
488, 304
488, 304
334, 468
493, 296
490, 301
490, 301
495, 293
495, 293
489, 303
489, 303
494, 295
285, 500
487, 307
487, 307
492, 299
334, 469
369, 442
369, 442
337, 467
488, 306
488, 306
493, 298
288, 499
492, 300
371, 441
371, 441
493, 299
491, 303
491, 303
486, 311
486, 311
490, 305
490, 305
370, 443
370, 443
485, 313
485, 313
492, 302
492, 302
487, 310
487, 310
491, 304
491, 304
486, 312
486, 312
372, 442
372, 442
288, 501
489, 308
370, 444
370, 444
490, 307
287, 502
489, 309
484, 317
490, 308
485, 316
484, 318
337, 471
372, 444
372, 444
371, 445
371, 445
485, 317
488, 313
488, 313
337, 472
337, 472
287, 504
487, 315
487, 315
489, 312
489, 312
488, 314
488, 314
290, 503
373, 445
341, 470
337, 473
483, 323
483, 323
484, 322
484, 322
482, 325
482, 325
486, 319
288, 505
373, 446
290, 504
483, 324
483, 324
487, 318
371, 448
486, 320
487, 319
374, 447
291, 505
372, 449
288, 507
341, 473
485, 324
485, 324
486, 323
486, 323
484, 326
289, 507
485, 325
345, 471
481, 331
481, 331
484, 327
482, 330
482, 330
485, 326
346, 471
346, 471
291, 507
291, 507
372, 451
290, 508
290, 508
508, 290
347, 471
507, 292
374, 450
510, 287
509, 289
505, 296
508, 291
504, 298
341, 476
503, 300
510, 288
510, 288
510, 288
509, 290
347, 472
347, 472
502, 302
505, 297
292, 508
504, 299
501, 304
373, 452
507, 294
511, 287
483, 332
483, 332
503, 301
500, 306
341, 477
341, 477
502, 303
484, 331
484, 331
499, 308
375, 451
501, 305
498, 310
347, 473
290, 510
290, 510
500, 307
373, 453
292, 509
497, 312
499, 309
496, 314
511, 289
498, 311
341, 478
510, 291
348, 473
348, 473
495, 316
293, 509
497, 313
508, 295
496, 315
480, 339
480, 339
346, 475
510, 292
493, 320
349, 473
481, 338
481, 338
505, 301
291, 511
511, 291
375, 453
507, 298
344, 477
293, 510
510, 293
374, 454
347, 475
347, 475
495, 318
502, 307
508, 297
492, 323
479, 342
479, 342
504, 304
507, 299
480, 341
480, 341
491, 325
493, 322
505, 303
293, 511
499, 313
490, 327
492, 324
504, 305
501, 310
491, 326
502, 309
345, 478
348, 476
501, 311
498, 316
489, 330
499, 315
490, 329
488, 332
496, 320
482, 341
482, 341
489, 331
483, 340
483, 340
498, 318
482, 342
493, 326
495, 323
487, 335
488, 334
496, 322
495, 324
492, 329
481, 345
486, 338
493, 328
487, 337
485, 340
481, 346
481, 346
486, 339
484, 342
491, 332
485, 341
492, 331
490, 334
347, 481
350, 479
479, 350
491, 333
346, 482
346, 482
489, 337
482, 347
482, 347
490, 336
346, 483
346, 483
488, 339
484, 345
489, 338
346, 484
487, 342
488, 341
486, 344
481, 351
347, 484
347, 484
354, 479
487, 343
482, 350
348, 484
355, 479
355, 479
485, 347
350, 483
486, 346
353, 481
356, 479
348, 485
348, 485
480, 355
481, 354
484, 350
479, 357
485, 349
360, 477
480, 356
348, 486
483, 353
360, 478
478, 360
484, 352
479, 359
482, 356
483, 355
481, 358
482, 357
477, 364
478, 363
476, 366
477, 365
480, 362
481, 361
359, 483
360, 483
360, 483
475, 371
479, 366
476, 370
361, 483
480, 365
361, 484
361, 484
478, 369
479, 368
474, 375
475, 374
361, 485
362, 485
362, 485
477, 373
356, 490
478, 372
363, 485
473, 379
474, 378
476, 376
477, 375
357, 491
362, 488
358, 491
356, 493
358, 492
356, 494
356, 494
475, 381
476, 380
472, 385
473, 384
471, 387
356, 495
472, 386
472, 388
471, 390
471, 390
472, 389
472, 389
474, 387
475, 386
367, 490
368, 490
368, 490
473, 390
473, 390
474, 389
369, 490
470, 396
470, 396
471, 395
471, 395
363, 498
472, 398
472, 398
473, 397
473, 397
370, 495
365, 500
373, 495
374, 495
374, 495
366, 501
375, 495
365, 503
375, 496
365, 504
365, 504
469, 409
469, 409
470, 408
470, 408
365, 505
376, 497
368, 503
377, 497
468, 413
468, 413
469, 412
469, 412
370, 509
468, 421
468, 421
370, 510
370, 510
370, 511
469, 422
469, 422
371, 511
469, 424
469, 424
470, 425
470, 425
388, 502
385, 506
385, 506
384, 507
470, 433
472, 431
470, 434
472, 432
471, 434
473, 432
471, 435
473, 433
390, 510
471, 437
390, 511
473, 437
